Time	CellId	RNTI	BWPId	SINR(dB)
7.1427e-05	1	0	0	35.2265
0.00507143	1	0	0	35.225
0.0100714	1	0	0	35.2235
0.0150714	1	0	0	35.2219
0.0200714	1	0	0	35.2204
0.0250714	1	1	0	35.2189
0.0300714	1	1	0	35.2173
0.0350714	1	1	0	35.2158
0.0400714	1	1	0	35.2142
0.0450714	1	1	0	35.2127
0.0500714	1	1	0	35.2112
0.0550714	1	1	0	35.2096
0.0600714	1	1	0	35.2081
0.0650714	1	1	0	35.2066
0.0660714	1	1	0	35.2062
0.0700714	1	1	0	35.205
0.0750714	1	1	0	35.2035
0.0800714	1	1	0	35.2019
0.0850714	1	1	0	35.2004
0.0900714	1	1	0	35.1989
0.0950714	1	1	0	35.1973
0.100071	1	1	0	35.1958
0.105071	1	1	0	35.1942
0.110071	1	1	0	35.1927
0.115071	1	1	0	35.1912
0.120071	1	1	0	35.1896
0.125071	1	1	0	35.1881
0.130071	1	1	0	35.1865
0.135071	1	1	0	35.185
0.140071	1	1	0	35.1834
0.145071	1	1	0	35.1819
0.146071	1	1	0	35.1816
0.150071	1	1	0	35.1804
0.155071	1	1	0	35.1788
0.160071	1	1	0	35.1773
0.165071	1	1	0	35.1757
0.170071	1	1	0	35.1742
0.175071	1	1	0	35.1726
0.180071	1	1	0	35.1711
0.185071	1	1	0	35.1695
0.190071	1	1	0	35.168
0.195071	1	1	0	35.1664
0.200071	1	1	0	35.1649
0.205071	1	1	0	35.1633
0.210071	1	1	0	35.1618
0.215071	1	1	0	35.1602
0.220071	1	1	0	35.1587
0.225071	1	1	0	35.1571
0.226071	1	1	0	35.1568
0.230071	1	1	0	35.1556
0.235071	1	1	0	35.154
0.240071	1	1	0	35.1525
0.245071	1	1	0	35.1509
0.250071	1	1	0	35.1494
0.255071	1	1	0	35.1478
0.260071	1	1	0	35.1463
0.265071	1	1	0	35.1447
0.270071	1	1	0	35.1432
0.275071	1	1	0	35.1416
0.280071	1	1	0	35.1401
0.285071	1	1	0	35.1385
0.290071	1	1	0	35.137
0.295071	1	1	0	35.1354
0.300071	1	1	0	35.1339
0.305071	1	1	0	35.1323
0.306071	1	1	0	35.132
0.310071	1	1	0	35.1307
0.315071	1	1	0	35.1292
0.320071	1	1	0	35.1276
0.325071	1	1	0	35.1261
0.330071	1	1	0	35.1245
0.335071	1	1	0	35.123
0.340071	1	1	0	35.1214
0.345071	1	1	0	35.1198
0.350071	1	1	0	35.1183
0.355071	1	1	0	35.1167
0.360071	1	1	0	35.1152
0.365071	1	1	0	35.1136
0.370071	1	1	0	35.112
0.375071	1	1	0	35.1105
0.380071	1	1	0	35.1089
0.385071	1	1	0	35.1074
0.386071	1	1	0	35.1071
0.390071	1	1	0	35.1058
0.395071	1	1	0	35.1042
0.400071	1	1	0	35.1027
0.405071	1	1	0	35.1011
0.410071	1	1	0	35.0996
0.415071	1	1	0	35.098
0.420071	1	1	0	35.0964
0.425071	1	1	0	35.0949
0.430071	1	1	0	35.0933
0.435071	1	1	0	35.0917
0.440071	1	1	0	35.0902
0.445071	1	1	0	35.0886
0.450071	1	1	0	35.087
0.455071	1	1	0	35.0855
0.460071	1	1	0	35.0839
0.465071	1	1	0	35.0823
0.466071	1	1	0	35.082
0.470071	1	1	0	35.0808
0.475071	1	1	0	35.0792
0.480071	1	1	0	35.0776
0.485071	1	1	0	35.0761
0.490071	1	1	0	35.0745
0.495071	1	1	0	35.0729
0.500071	1	1	0	35.0714
0.505071	1	1	0	35.0698
0.506071	1	1	0	35.0695
0.510071	1	1	0	35.0682
0.512071	1	1	0	35.0676
0.515071	1	1	0	35.0667
0.520071	1	1	0	35.0651
0.525071	1	1	0	35.0635
0.530071	1	1	0	35.0619
0.535071	1	1	0	35.0604
0.540071	1	1	0	35.0588
0.545071	1	1	0	35.0572
0.546071	1	1	0	35.0569
0.550071	1	1	0	35.0557
0.555071	1	1	0	35.0541
0.560071	1	1	0	35.0525
0.565071	1	1	0	35.0509
0.570071	1	1	0	35.0494
0.575071	1	1	0	35.0478
0.580071	1	1	0	35.0462
0.585071	1	1	0	35.0446
0.590071	1	1	0	35.0431
0.595071	1	1	0	35.0415
0.600071	1	1	0	35.0399
0.605071	1	1	0	35.0383
0.610071	1	1	0	35.0368
0.615071	1	1	0	35.0352
0.620071	1	1	0	35.0336
0.625071	1	1	0	35.032
0.626071	1	1	0	35.0317
0.630071	1	1	0	35.0304
0.635071	1	1	0	35.0289
0.640071	1	1	0	35.0273
0.645071	1	1	0	35.0257
0.650071	1	1	0	35.0241
0.655071	1	1	0	35.0225
0.660071	1	1	0	35.021
0.665071	1	1	0	35.0194
0.670071	1	1	0	35.0178
0.675071	1	1	0	35.0162
0.680071	1	1	0	35.0146
0.685071	1	1	0	35.0131
0.690071	1	1	0	35.0115
0.695071	1	1	0	35.0099
0.700071	1	1	0	35.0083
0.705071	1	1	0	35.0067
0.706071	1	1	0	35.0064
0.710071	1	1	0	35.0051
0.715071	1	1	0	35.0036
0.720071	1	1	0	35.002
0.725071	1	1	0	35.0004
0.730071	1	1	0	34.9988
0.735071	1	1	0	34.9972
0.740071	1	1	0	34.9956
0.745071	1	1	0	34.9941
0.750071	1	1	0	34.9925
0.755071	1	1	0	34.9909
0.760071	1	1	0	34.9893
0.765071	1	1	0	34.9877
0.770071	1	1	0	34.9861
0.775071	1	1	0	34.9845
0.780071	1	1	0	34.9829
0.785071	1	1	0	34.9814
0.786071	1	1	0	34.981
0.790071	1	1	0	34.9798
0.795071	1	1	0	34.9782
0.800071	1	1	0	34.9766
0.805071	1	1	0	34.975
0.810071	1	1	0	34.9734
0.815071	1	1	0	34.9718
0.820071	1	1	0	34.9702
0.825071	1	1	0	34.9686
0.830071	1	1	0	34.967
0.835071	1	1	0	34.9655
0.840071	1	1	0	34.9639
0.845071	1	1	0	34.9623
0.850071	1	1	0	34.9607
0.855071	1	1	0	34.9591
0.860071	1	1	0	34.9575
0.865071	1	1	0	34.9559
0.866071	1	1	0	34.9556
0.870071	1	1	0	34.9543
0.875071	1	1	0	34.9527
0.880071	1	1	0	34.9511
0.885071	1	1	0	34.9495
0.890071	1	1	0	34.9479
0.895071	1	1	0	34.9463
0.900071	1	1	0	34.9447
0.905071	1	1	0	34.9431
0.910071	1	1	0	34.9415
0.915071	1	1	0	34.9399
0.920071	1	1	0	34.9383
0.925071	1	1	0	34.9367
0.930071	1	1	0	34.9351
0.935071	1	1	0	34.9335
0.940071	1	1	0	34.9319
0.945071	1	1	0	34.9303
0.946071	1	1	0	34.93
0.950071	1	1	0	34.9287
0.955071	1	1	0	34.9271
0.960071	1	1	0	34.9255
0.965071	1	1	0	34.9239
0.970071	1	1	0	34.9223
0.975071	1	1	0	34.9207
0.980071	1	1	0	34.9191
0.985071	1	1	0	34.9175
0.990071	1	1	0	34.9159
0.995071	1	1	0	34.9143
1.00007	1	1	0	34.9127
1.00507	1	1	0	34.9111
1.01007	1	1	0	34.9095
1.01507	1	1	0	34.9079
1.02007	1	1	0	34.9063
1.02507	1	1	0	34.9047
1.02607	1	1	0	34.9044
1.03007	1	1	0	34.9031
1.03507	1	1	0	34.9015
1.04007	1	1	0	34.8999
1.04507	1	1	0	34.8983
1.05007	1	1	0	34.8967
1.05507	1	1	0	34.8951
1.06007	1	1	0	34.8935
1.06507	1	1	0	34.8919
1.07007	1	1	0	34.8903
1.07507	1	1	0	34.8887
1.08007	1	1	0	34.887
1.08507	1	1	0	34.8854
1.09007	1	1	0	34.8838
1.09507	1	1	0	34.8822
1.10007	1	1	0	34.8806
1.10507	1	1	0	34.879
1.10607	1	1	0	34.8787
1.11007	1	1	0	34.8774
1.11507	1	1	0	34.8758
1.12007	1	1	0	34.8742
1.12507	1	1	0	34.8726
1.13007	1	1	0	34.871
1.13507	1	1	0	34.8693
1.14007	1	1	0	34.8677
1.14507	1	1	0	34.8661
1.15007	1	1	0	34.8645
1.15507	1	1	0	34.8629
1.16007	1	1	0	34.8613
1.16507	1	1	0	34.8597
1.17007	1	1	0	34.8581
1.17507	1	1	0	34.8564
1.18007	1	1	0	34.8548
1.18507	1	1	0	34.8532
1.18607	1	1	0	34.8529
1.19007	1	1	0	34.8516
1.19507	1	1	0	34.85
1.20007	1	1	0	34.8484
1.20507	1	1	0	34.8468
1.21007	1	1	0	34.8451
1.21507	1	1	0	34.8435
1.22007	1	1	0	34.8419
1.22507	1	1	0	34.8403
1.23007	1	1	0	34.8387
1.23507	1	1	0	34.8371
1.24007	1	1	0	34.8354
1.24507	1	1	0	34.8338
1.25007	1	1	0	34.8322
1.25507	1	1	0	34.8306
1.26007	1	1	0	34.829
1.26507	1	1	0	34.8273
1.26607	1	1	0	34.827
1.27007	1	1	0	34.8257
1.27507	1	1	0	34.8241
1.28007	1	1	0	34.8225
1.28507	1	1	0	34.8209
1.29007	1	1	0	34.8192
1.29507	1	1	0	34.8176
1.30007	1	1	0	34.816
1.30507	1	1	0	34.8144
1.31007	1	1	0	34.8127
1.31507	1	1	0	34.8111
1.32007	1	1	0	34.8095
1.32507	1	1	0	34.8079
1.33007	1	1	0	34.8063
1.33507	1	1	0	34.8046
1.34007	1	1	0	34.803
1.34507	1	1	0	34.8014
1.34607	1	1	0	34.8011
1.35007	1	1	0	34.7998
1.35507	1	1	0	34.7981
1.36007	1	1	0	34.7965
1.36507	1	1	0	34.7949
1.37007	1	1	0	34.7933
1.37507	1	1	0	34.7916
1.38007	1	1	0	34.79
1.38507	1	1	0	34.7884
1.39007	1	1	0	34.7868
1.39507	1	1	0	34.7851
1.40007	1	1	0	34.7835
1.40507	1	1	0	34.7819
1.41007	1	1	0	34.7802
1.41507	1	1	0	34.7786
1.42007	1	1	0	34.777
1.42507	1	1	0	34.7754
1.42607	1	1	0	34.775
1.43007	1	1	0	34.7737
1.43507	1	1	0	34.7721
1.44007	1	1	0	34.7705
1.44507	1	1	0	34.7688
1.45007	1	1	0	34.7672
1.45507	1	1	0	34.7656
1.46007	1	1	0	34.7639
1.46507	1	1	0	34.7623
1.47007	1	1	0	34.7607
1.47507	1	1	0	34.759
1.48007	1	1	0	34.7574
1.48507	1	1	0	34.7558
1.49007	1	1	0	34.7541
1.49507	1	1	0	34.7525
1.50007	1	1	0	34.7509
1.50507	1	1	0	34.7492
1.50607	1	1	0	34.7489
1.51007	1	1	0	34.7476
1.51507	1	1	0	34.746
1.52007	1	1	0	34.7443
1.52507	1	1	0	34.7427
1.53007	1	1	0	34.7411
1.53507	1	1	0	34.7394
1.54007	1	1	0	34.7378
1.54507	1	1	0	34.7362
1.55007	1	1	0	34.7345
1.55507	1	1	0	34.7329
1.56007	1	1	0	34.7312
1.56507	1	1	0	34.7296
1.57007	1	1	0	34.728
1.57507	1	1	0	34.7263
1.58007	1	1	0	34.7247
1.58507	1	1	0	34.7231
1.58607	1	1	0	34.7227
1.59007	1	1	0	34.7214
1.59507	1	1	0	34.7198
1.60007	1	1	0	34.7181
1.60507	1	1	0	34.7165
1.61007	1	1	0	34.7149
1.61507	1	1	0	34.7132
1.62007	1	1	0	34.7116
1.62507	1	1	0	34.7099
1.63007	1	1	0	34.7083
1.63507	1	1	0	34.7067
1.64007	1	1	0	34.705
1.64507	1	1	0	34.7034
1.65007	1	1	0	34.7017
1.65507	1	1	0	34.7001
1.66007	1	1	0	34.6984
1.66507	1	1	0	34.6968
1.66607	1	1	0	34.6965
1.67007	1	1	0	34.6952
1.67507	1	1	0	34.6935
1.68007	1	1	0	34.6919
1.68507	1	1	0	34.6902
1.69007	1	1	0	34.6886
1.69507	1	1	0	34.6869
1.70007	1	1	0	34.6853
1.70507	1	1	0	34.6836
1.71007	1	1	0	34.682
1.71507	1	1	0	34.6803
1.72007	1	1	0	34.6787
1.72507	1	1	0	34.677
1.73007	1	1	0	34.6754
1.73507	1	1	0	34.6738
1.74007	1	1	0	34.6721
1.74507	1	1	0	34.6705
1.74607	1	1	0	34.6701
1.75007	1	1	0	34.6688
1.75507	1	1	0	34.6672
1.76007	1	1	0	34.6655
1.76507	1	1	0	34.6639
1.77007	1	1	0	34.6622
1.77507	1	1	0	34.6606
1.78007	1	1	0	34.6589
1.78507	1	1	0	34.6573
1.79007	1	1	0	34.6556
1.79507	1	1	0	34.654
1.80007	1	1	0	34.6523
1.80507	1	1	0	34.6507
1.81007	1	1	0	34.649
1.81507	1	1	0	34.6474
1.82007	1	1	0	34.6457
1.82507	1	1	0	34.644
1.82607	1	1	0	34.6437
1.83007	1	1	0	34.6424
1.83507	1	1	0	34.6407
1.84007	1	1	0	34.6391
1.84507	1	1	0	34.6374
1.85007	1	1	0	34.6358
1.85507	1	1	0	34.6341
1.86007	1	1	0	34.6325
1.86507	1	1	0	34.6308
1.87007	1	1	0	34.6292
1.87507	1	1	0	34.6275
1.88007	1	1	0	34.6258
1.88507	1	1	0	34.6242
1.89007	1	1	0	34.6225
1.89507	1	1	0	34.6209
1.90007	1	1	0	34.6192
1.90507	1	1	0	34.6176
1.90607	1	1	0	34.6172
1.91007	1	1	0	34.6159
1.91507	1	1	0	34.6142
1.92007	1	1	0	34.6126
1.92507	1	1	0	34.6109
1.93007	1	1	0	34.6093
1.93507	1	1	0	34.6076
1.94007	1	1	0	34.606
1.94507	1	1	0	34.6043
1.95007	1	1	0	34.6026
1.95507	1	1	0	34.601
1.96007	1	1	0	34.5993
1.96507	1	1	0	34.5977
1.97007	1	1	0	34.596
1.97507	1	1	0	34.5943
1.98007	1	1	0	34.5927
1.98507	1	1	0	34.591
1.98607	1	1	0	34.5907
1.99007	1	1	0	34.5893
1.99507	1	1	0	34.5877
2.00007	1	1	0	34.586
2.00507	1	1	0	34.5844
2.01007	1	1	0	34.5827
2.01507	1	1	0	34.581
2.02007	1	1	0	34.5794
2.02507	1	1	0	34.5777
2.03007	1	1	0	34.576
2.03507	1	1	0	34.5744
2.04007	1	1	0	34.5727
2.04507	1	1	0	34.571
2.05007	1	1	0	34.5694
2.05507	1	1	0	34.5677
2.06007	1	1	0	34.566
2.06507	1	1	0	34.5644
2.06607	1	1	0	34.564
2.07007	1	1	0	34.5627
2.07507	1	1	0	34.561
2.08007	1	1	0	34.5594
2.08507	1	1	0	34.5577
2.09007	1	1	0	34.556
2.09507	1	1	0	34.5544
2.10007	1	1	0	34.5527
2.10507	1	1	0	34.551
2.11007	1	1	0	34.5494
2.11507	1	1	0	34.5477
2.12007	1	1	0	34.546
2.12507	1	1	0	34.5444
2.13007	1	1	0	34.5427
2.13507	1	1	0	34.541
2.14007	1	1	0	34.5393
2.14507	1	1	0	34.5377
2.14607	1	1	0	34.5373
2.15007	1	1	0	34.536
2.15507	1	1	0	34.5343
2.16007	1	1	0	34.5327
2.16507	1	1	0	34.531
2.17007	1	1	0	34.5293
2.17507	1	1	0	34.5276
2.18007	1	1	0	34.526
2.18507	1	1	0	34.5243
2.19007	1	1	0	34.5226
2.19507	1	1	0	34.521
2.20007	1	1	0	34.5193
2.20507	1	1	0	34.5176
2.21007	1	1	0	34.5159
2.21507	1	1	0	34.5143
2.22007	1	1	0	34.5126
2.22507	1	1	0	34.5109
2.22607	1	1	0	34.5106
2.23007	1	1	0	34.5092
2.23507	1	1	0	34.5076
2.24007	1	1	0	34.5059
2.24507	1	1	0	34.5042
2.25007	1	1	0	34.5025
2.25507	1	1	0	34.5009
2.26007	1	1	0	34.4992
2.26507	1	1	0	34.4975
2.27007	1	1	0	34.4958
2.27507	1	1	0	34.4941
2.28007	1	1	0	34.4925
2.28507	1	1	0	34.4908
2.29007	1	1	0	34.4891
2.29507	1	1	0	34.4874
2.30007	1	1	0	34.4858
2.30507	1	1	0	34.4841
2.30607	1	1	0	34.4837
2.31007	1	1	0	34.4824
2.31507	1	1	0	34.4807
2.32007	1	1	0	34.479
2.32507	1	1	0	34.4774
2.33007	1	1	0	34.4757
2.33507	1	1	0	34.474
2.34007	1	1	0	34.4723
2.34507	1	1	0	34.4706
2.35007	1	1	0	34.4689
2.35507	1	1	0	34.4673
2.36007	1	1	0	34.4656
2.36507	1	1	0	34.4639
2.37007	1	1	0	34.4622
2.37507	1	1	0	34.4605
2.38007	1	1	0	34.4589
2.38507	1	1	0	34.4572
2.38607	1	1	0	34.4568
2.39007	1	1	0	34.4555
2.39507	1	1	0	34.4538
2.40007	1	1	0	34.4521
2.40507	1	1	0	34.4504
2.41007	1	1	0	34.4487
2.41507	1	1	0	34.4471
2.42007	1	1	0	34.4454
2.42507	1	1	0	34.4437
2.43007	1	1	0	34.442
2.43507	1	1	0	34.4403
2.44007	1	1	0	34.4386
2.44507	1	1	0	34.4369
2.45007	1	1	0	34.4353
2.45507	1	1	0	34.4336
2.46007	1	1	0	34.4319
2.46507	1	1	0	34.4302
2.46607	1	1	0	34.4299
2.47007	1	1	0	34.4285
2.47507	1	1	0	34.4268
2.48007	1	1	0	34.4251
2.48507	1	1	0	34.4234
2.49007	1	1	0	34.4218
2.49507	1	1	0	34.4201
2.50007	1	1	0	34.4184
2.50507	1	1	0	34.4167
2.51007	1	1	0	34.415
2.51107	1	1	0	34.4147
2.51507	1	1	0	34.4133
2.52007	1	1	0	34.4116
2.52507	1	1	0	34.4099
2.53007	1	1	0	34.4082
2.53507	1	1	0	34.4065
2.54007	1	1	0	34.4049
2.54507	1	1	0	34.4032
2.54607	1	1	0	34.4028
2.55007	1	1	0	34.4015
2.55507	1	1	0	34.3998
2.56007	1	1	0	34.3981
2.56507	1	1	0	34.3964
2.57007	1	1	0	34.3947
2.57507	1	1	0	34.393
2.58007	1	1	0	34.3913
2.58507	1	1	0	34.3896
2.59007	1	1	0	34.3879
2.59507	1	1	0	34.3862
2.60007	1	1	0	34.3845
2.60507	1	1	0	34.3828
2.61007	1	1	0	34.3811
2.61507	1	1	0	34.3794
2.62007	1	1	0	34.3778
2.62507	1	1	0	34.3761
2.62607	1	1	0	34.3757
2.63007	1	1	0	34.3744
2.63507	1	1	0	34.3727
2.64007	1	1	0	34.371
2.64507	1	1	0	34.3693
2.65007	1	1	0	34.3676
2.65507	1	1	0	34.3659
2.66007	1	1	0	34.3642
2.66507	1	1	0	34.3625
2.67007	1	1	0	34.3608
2.67507	1	1	0	34.3591
2.68007	1	1	0	34.3574
2.68507	1	1	0	34.3557
2.69007	1	1	0	34.354
2.69507	1	1	0	34.3523
2.70007	1	1	0	34.3506
2.70507	1	1	0	34.3489
2.70607	1	1	0	34.3485
2.71007	1	1	0	34.3472
2.71507	1	1	0	34.3455
2.72007	1	1	0	34.3438
2.72507	1	1	0	34.3421
2.73007	1	1	0	34.3404
2.73507	1	1	0	34.3387
2.74007	1	1	0	34.337
2.74507	1	1	0	34.3353
2.75007	1	1	0	34.3336
2.75507	1	1	0	34.3319
2.76007	1	1	0	34.3302
2.76507	1	1	0	34.3285
2.77007	1	1	0	34.3268
2.77507	1	1	0	34.3251
2.78007	1	1	0	34.3234
2.78507	1	1	0	34.3217
2.78607	1	1	0	34.3213
2.79007	1	1	0	34.32
2.79507	1	1	0	34.3183
2.80007	1	1	0	34.3165
2.80507	1	1	0	34.3148
2.81007	1	1	0	34.3131
2.81507	1	1	0	34.3114
2.82007	1	1	0	34.3097
2.82507	1	1	0	34.308
2.83007	1	1	0	34.3063
2.83507	1	1	0	34.3046
2.84007	1	1	0	34.3029
2.84507	1	1	0	34.3012
2.85007	1	1	0	34.2995
2.85507	1	1	0	34.2978
2.86007	1	1	0	34.2961
2.86507	1	1	0	34.2944
2.86607	1	1	0	34.294
2.87007	1	1	0	34.2927
2.87507	1	1	0	34.291
2.88007	1	1	0	34.2892
2.88507	1	1	0	34.2875
2.89007	1	1	0	34.2858
2.89507	1	1	0	34.2841
2.90007	1	1	0	34.2824
2.90507	1	1	0	34.2807
2.91007	1	1	0	34.279
2.91507	1	1	0	34.2773
2.92007	1	1	0	34.2756
2.92507	1	1	0	34.2739
2.93007	1	1	0	34.2721
2.93507	1	1	0	34.2704
2.94007	1	1	0	34.2687
2.94507	1	1	0	34.267
2.94607	1	1	0	34.2667
2.95007	1	1	0	34.2653
2.95507	1	1	0	34.2636
2.96007	1	1	0	34.2619
2.96507	1	1	0	34.2602
2.97007	1	1	0	34.2585
2.97507	1	1	0	34.2567
2.98007	1	1	0	34.255
2.98507	1	1	0	34.2533
2.99007	1	1	0	34.2516
2.99507	1	1	0	34.2499
3.00007	1	1	0	34.2482
3.00507	1	1	0	34.2465
3.01007	1	1	0	34.2447
3.01507	1	1	0	34.243
3.02007	1	1	0	34.2413
3.02507	1	1	0	34.2396
3.02607	1	1	0	34.2393
3.03007	1	1	0	34.2379
3.03507	1	1	0	34.2362
3.04007	1	1	0	34.2344
3.04507	1	1	0	34.2327
3.05007	1	1	0	34.231
3.05507	1	1	0	34.2293
3.06007	1	1	0	34.2276
3.06507	1	1	0	34.2259
3.07007	1	1	0	34.2241
3.07507	1	1	0	34.2224
3.08007	1	1	0	34.2207
3.08507	1	1	0	34.219
3.09007	1	1	0	34.2173
3.09507	1	1	0	34.2156
3.10007	1	1	0	34.2138
3.10507	1	1	0	34.2121
3.10607	1	1	0	34.2118
3.11007	1	1	0	34.2104
3.11507	1	1	0	34.2087
3.12007	1	1	0	34.207
3.12507	1	1	0	34.2052
3.13007	1	1	0	34.2035
3.13507	1	1	0	34.2018
3.14007	1	1	0	34.2001
3.14507	1	1	0	34.1984
3.15007	1	1	0	34.1966
3.15507	1	1	0	34.1949
3.16007	1	1	0	34.1932
3.16507	1	1	0	34.1915
3.17007	1	1	0	34.1898
3.17507	1	1	0	34.188
3.18007	1	1	0	34.1863
3.18507	1	1	0	34.1846
3.18607	1	1	0	34.1842
3.19007	1	1	0	34.1829
3.19507	1	1	0	34.1811
3.20007	1	1	0	34.1794
3.20507	1	1	0	34.1777
3.21007	1	1	0	34.176
3.21507	1	1	0	34.1742
3.22007	1	1	0	34.1725
3.22507	1	1	0	34.1708
3.23007	1	1	0	34.1691
3.23507	1	1	0	34.1673
3.24007	1	1	0	34.1656
3.24507	1	1	0	34.1639
3.25007	1	1	0	34.1622
3.25507	1	1	0	34.1604
3.26007	1	1	0	34.1587
3.26507	1	1	0	34.157
3.26607	1	1	0	34.1566
3.27007	1	1	0	34.1553
3.27507	1	1	0	34.1535
3.28007	1	1	0	34.1518
3.28507	1	1	0	34.1501
3.29007	1	1	0	34.1484
3.29507	1	1	0	34.1466
3.30007	1	1	0	34.1449
3.30507	1	1	0	34.1432
3.31007	1	1	0	34.1414
3.31507	1	1	0	34.1397
3.32007	1	1	0	34.138
3.32507	1	1	0	34.1363
3.33007	1	1	0	34.1345
3.33507	1	1	0	34.1328
3.34007	1	1	0	34.1311
3.34507	1	1	0	34.1293
3.34607	1	1	0	34.129
3.35007	1	1	0	34.1276
3.35507	1	1	0	34.1259
3.36007	1	1	0	34.1241
3.36507	1	1	0	34.1224
3.37007	1	1	0	34.1207
3.37507	1	1	0	34.119
3.38007	1	1	0	34.1172
3.38507	1	1	0	34.1155
3.39007	1	1	0	34.1138
3.39507	1	1	0	34.112
3.40007	1	1	0	34.1103
3.40507	1	1	0	34.1086
3.41007	1	1	0	34.1068
3.41507	1	1	0	34.1051
3.42007	1	1	0	34.1034
3.42507	1	1	0	34.1016
3.42607	1	1	0	34.1013
3.43007	1	1	0	34.0999
3.43507	1	1	0	34.0982
3.44007	1	1	0	34.0964
3.44507	1	1	0	34.0947
3.45007	1	1	0	34.093
3.45507	1	1	0	34.0912
3.46007	1	1	0	34.0895
3.46507	1	1	0	34.0878
3.47007	1	1	0	34.086
3.47507	1	1	0	34.0843
3.48007	1	1	0	34.0825
3.48507	1	1	0	34.0808
3.49007	1	1	0	34.0791
3.49507	1	1	0	34.0773
3.50007	1	1	0	34.0756
3.50507	1	1	0	34.0739
3.50607	1	1	0	34.0735
3.51007	1	1	0	34.0721
3.51507	1	1	0	34.0704
3.52007	1	1	0	34.0687
3.52507	1	1	0	34.0669
3.53007	1	1	0	34.0652
3.53507	1	1	0	34.0634
3.54007	1	1	0	34.0617
3.54507	1	1	0	34.06
3.55007	1	1	0	34.0582
3.55507	1	1	0	34.0565
3.56007	1	1	0	34.0547
3.56507	1	1	0	34.053
3.57007	1	1	0	34.0513
3.57507	1	1	0	34.0495
3.58007	1	1	0	34.0478
3.58507	1	1	0	34.046
3.58607	1	1	0	34.0457
3.59007	1	1	0	34.0443
3.59507	1	1	0	34.0426
3.60007	1	1	0	34.0408
3.60507	1	1	0	34.0391
3.61007	1	1	0	34.0373
3.61507	1	1	0	34.0356
3.62007	1	1	0	34.0339
3.62507	1	1	0	34.0321
3.63007	1	1	0	34.0304
3.63507	1	1	0	34.0286
3.64007	1	1	0	34.0269
3.64507	1	1	0	34.0251
3.65007	1	1	0	34.0234
3.65507	1	1	0	34.0217
3.66007	1	1	0	34.0199
3.66507	1	1	0	34.0182
3.66607	1	1	0	34.0178
3.67007	1	1	0	34.0164
3.67507	1	1	0	34.0147
3.68007	1	1	0	34.0129
3.68507	1	1	0	34.0112
3.69007	1	1	0	34.0095
3.69507	1	1	0	34.0077
3.70007	1	1	0	34.006
3.70507	1	1	0	34.0042
3.71007	1	1	0	34.0025
3.71507	1	1	0	34.0007
3.72007	1	1	0	33.999
3.72507	1	1	0	33.9972
3.73007	1	1	0	33.9955
3.73507	1	1	0	33.9937
3.74007	1	1	0	33.992
3.74507	1	1	0	33.9902
3.74607	1	1	0	33.9899
3.75007	1	1	0	33.9885
3.75507	1	1	0	33.9868
3.76007	1	1	0	33.985
3.76507	1	1	0	33.9833
3.77007	1	1	0	33.9815
3.77507	1	1	0	33.9798
3.78007	1	1	0	33.978
3.78507	1	1	0	33.9763
3.79007	1	1	0	33.9745
3.79507	1	1	0	33.9728
3.80007	1	1	0	33.971
3.80507	1	1	0	33.9693
3.81007	1	1	0	33.9675
3.81507	1	1	0	33.9658
3.82007	1	1	0	33.964
3.82507	1	1	0	33.9623
3.82607	1	1	0	33.9619
3.83007	1	1	0	33.9605
3.83507	1	1	0	33.9588
3.84007	1	1	0	33.957
3.84507	1	1	0	33.9553
3.85007	1	1	0	33.9535
3.85507	1	1	0	33.9518
3.86007	1	1	0	33.95
3.86507	1	1	0	33.9483
3.87007	1	1	0	33.9465
3.87507	1	1	0	33.9448
3.88007	1	1	0	33.943
3.88507	1	1	0	33.9412
3.89007	1	1	0	33.9395
3.89507	1	1	0	33.9377
3.90007	1	1	0	33.936
3.90507	1	1	0	33.9342
3.90607	1	1	0	33.9339
3.91007	1	1	0	33.9325
3.91507	1	1	0	33.9307
3.92007	1	1	0	33.929
3.92507	1	1	0	33.9272
3.93007	1	1	0	33.9255
3.93507	1	1	0	33.9237
3.94007	1	1	0	33.922
3.94507	1	1	0	33.9202
3.95007	1	1	0	33.9184
3.95507	1	1	0	33.9167
3.96007	1	1	0	33.9149
3.96507	1	1	0	33.9132
3.97007	1	1	0	33.9114
3.97507	1	1	0	33.9097
3.98007	1	1	0	33.9079
3.98507	1	1	0	33.9062
3.98607	1	1	0	33.9058
3.99007	1	1	0	33.9044
3.99507	1	1	0	33.9026
4.00007	1	1	0	33.9009
4.00507	1	1	0	33.8991
4.01007	1	1	0	33.8974
4.01507	1	1	0	33.8956
4.02007	1	1	0	33.8938
4.02507	1	1	0	33.8921
4.03007	1	1	0	33.8903
4.03507	1	1	0	33.8886
4.04007	1	1	0	33.8868
4.04507	1	1	0	33.8851
4.05007	1	1	0	33.8833
4.05507	1	1	0	33.8815
4.06007	1	1	0	33.8798
4.06507	1	1	0	33.878
4.06607	1	1	0	33.8777
4.07007	1	1	0	33.8763
4.07507	1	1	0	33.8745
4.08007	1	1	0	33.8727
4.08507	1	1	0	33.871
4.09007	1	1	0	33.8692
4.09507	1	1	0	33.8675
4.10007	1	1	0	33.8657
4.10507	1	1	0	33.8639
4.11007	1	1	0	33.8622
4.11507	1	1	0	33.8604
4.12007	1	1	0	33.8586
4.12507	1	1	0	33.8569
4.13007	1	1	0	33.8551
4.13507	1	1	0	33.8534
4.14007	1	1	0	33.8516
4.14507	1	1	0	33.8498
4.14607	1	1	0	33.8495
4.15007	1	1	0	33.8481
4.15507	1	1	0	33.8463
4.16007	1	1	0	33.8445
4.16507	1	1	0	33.8428
4.17007	1	1	0	33.841
4.17507	1	1	0	33.8393
4.18007	1	1	0	33.8375
4.18507	1	1	0	33.8357
4.19007	1	1	0	33.834
4.19507	1	1	0	33.8322
4.20007	1	1	0	33.8304
4.20507	1	1	0	33.8287
4.21007	1	1	0	33.8269
4.21507	1	1	0	33.8251
4.22007	1	1	0	33.8234
4.22507	1	1	0	33.8216
4.22607	1	1	0	33.8212
4.23007	1	1	0	33.8198
4.23507	1	1	0	33.8181
4.24007	1	1	0	33.8163
4.24507	1	1	0	33.8145
4.25007	1	1	0	33.8128
4.25507	1	1	0	33.811
4.26007	1	1	0	33.8092
4.26507	1	1	0	33.8075
4.27007	1	1	0	33.8057
4.27507	1	1	0	33.8039
4.28007	1	1	0	33.8022
4.28507	1	1	0	33.8004
4.29007	1	1	0	33.7986
4.29507	1	1	0	33.7969
4.30007	1	1	0	33.7951
4.30507	1	1	0	33.7933
4.30607	1	1	0	33.793
4.31007	1	1	0	33.7916
4.31507	1	1	0	33.7898
4.32007	1	1	0	33.788
4.32507	1	1	0	33.7862
4.33007	1	1	0	33.7845
4.33507	1	1	0	33.7827
4.34007	1	1	0	33.7809
4.34507	1	1	0	33.7792
4.35007	1	1	0	33.7774
4.35507	1	1	0	33.7756
4.36007	1	1	0	33.7739
4.36507	1	1	0	33.7721
4.37007	1	1	0	33.7703
4.37507	1	1	0	33.7685
4.38007	1	1	0	33.7668
4.38507	1	1	0	33.765
4.38607	1	1	0	33.7646
4.39007	1	1	0	33.7632
4.39507	1	1	0	33.7614
4.40007	1	1	0	33.7597
4.40507	1	1	0	33.7579
4.41007	1	1	0	33.7561
4.41507	1	1	0	33.7544
4.42007	1	1	0	33.7526
4.42507	1	1	0	33.7508
4.43007	1	1	0	33.749
4.43507	1	1	0	33.7473
4.44007	1	1	0	33.7455
4.44507	1	1	0	33.7437
4.45007	1	1	0	33.7419
4.45507	1	1	0	33.7402
4.46007	1	1	0	33.7384
4.46507	1	1	0	33.7366
4.46607	1	1	0	33.7363
4.47007	1	1	0	33.7348
4.47507	1	1	0	33.7331
4.48007	1	1	0	33.7313
4.48507	1	1	0	33.7295
4.49007	1	1	0	33.7277
4.49507	1	1	0	33.726
4.50007	1	1	0	33.7242
4.50507	1	1	0	33.7224
4.51007	1	1	0	33.7206
4.51107	1	1	0	33.7203
4.51507	1	1	0	33.7189
4.52007	1	1	0	33.7171
4.52507	1	1	0	33.7153
4.53007	1	1	0	33.7135
4.53507	1	1	0	33.7118
4.54007	1	1	0	33.71
4.54507	1	1	0	33.7082
4.54607	1	1	0	33.7078
4.55007	1	1	0	33.7064
4.55507	1	1	0	33.7046
4.56007	1	1	0	33.7029
4.56507	1	1	0	33.7011
4.57007	1	1	0	33.6993
4.57507	1	1	0	33.6975
4.58007	1	1	0	33.6957
4.58507	1	1	0	33.694
4.59007	1	1	0	33.6922
4.59507	1	1	0	33.6904
4.60007	1	1	0	33.6886
4.60507	1	1	0	33.6869
4.61007	1	1	0	33.6851
4.61507	1	1	0	33.6833
4.62007	1	1	0	33.6815
4.62507	1	1	0	33.6797
4.62607	1	1	0	33.6794
4.63007	1	1	0	33.678
4.63507	1	1	0	33.6762
4.64007	1	1	0	33.6744
4.64507	1	1	0	33.6726
4.65007	1	1	0	33.6708
4.65507	1	1	0	33.669
4.66007	1	1	0	33.6673
4.66507	1	1	0	33.6655
4.67007	1	1	0	33.6637
4.67507	1	1	0	33.6619
4.68007	1	1	0	33.6601
4.68507	1	1	0	33.6584
4.69007	1	1	0	33.6566
4.69507	1	1	0	33.6548
4.70007	1	1	0	33.653
4.70507	1	1	0	33.6512
4.70607	1	1	0	33.6509
4.71007	1	1	0	33.6494
4.71507	1	1	0	33.6477
4.72007	1	1	0	33.6459
4.72507	1	1	0	33.6441
4.73007	1	1	0	33.6423
4.73507	1	1	0	33.6405
4.74007	1	1	0	33.6387
4.74507	1	1	0	33.637
4.75007	1	1	0	33.6352
4.75507	1	1	0	33.6334
4.76007	1	1	0	33.6316
4.76507	1	1	0	33.6298
4.77007	1	1	0	33.628
4.77507	1	1	0	33.6262
4.78007	1	1	0	33.6245
4.78507	1	1	0	33.6227
4.78607	1	1	0	33.6223
4.79007	1	1	0	33.6209
4.79507	1	1	0	33.6191
4.80007	1	1	0	33.6173
4.80507	1	1	0	33.6155
4.81007	1	1	0	33.6137
4.81507	1	1	0	33.612
4.82007	1	1	0	33.6102
4.82507	1	1	0	33.6084
4.83007	1	1	0	33.6066
4.83507	1	1	0	33.6048
4.84007	1	1	0	33.603
4.84507	1	1	0	33.6012
4.85007	1	1	0	33.5994
4.85507	1	1	0	33.5976
4.86007	1	1	0	33.5959
4.86507	1	1	0	33.5941
4.86607	1	1	0	33.5937
4.87007	1	1	0	33.5923
4.87507	1	1	0	33.5905
4.88007	1	1	0	33.5887
4.88507	1	1	0	33.5869
4.89007	1	1	0	33.5851
4.89507	1	1	0	33.5833
4.90007	1	1	0	33.5815
4.90507	1	1	0	33.5798
4.91007	1	1	0	33.578
4.91507	1	1	0	33.5762
4.92007	1	1	0	33.5744
4.92507	1	1	0	33.5726
4.93007	1	1	0	33.5708
4.93507	1	1	0	33.569
4.94007	1	1	0	33.5672
4.94507	1	1	0	33.5654
4.94607	1	1	0	33.5651
4.95007	1	1	0	33.5636
4.95507	1	1	0	33.5619
4.96007	1	1	0	33.5601
4.96507	1	1	0	33.5583
4.97007	1	1	0	33.5565
4.97507	1	1	0	33.5547
4.98007	1	1	0	33.5529
4.98507	1	1	0	33.5511
4.99007	1	1	0	33.5493
4.99507	1	1	0	33.5475
5.00007	1	1	0	33.5457
5.00507	1	1	0	33.5439
5.01007	1	1	0	33.5421
5.01507	1	1	0	33.5403
5.02007	1	1	0	33.5385
5.02507	1	1	0	33.5368
5.02607	1	1	0	33.5364
5.03007	1	1	0	33.535
5.03507	1	1	0	33.5332
5.04007	1	1	0	33.5314
5.04507	1	1	0	33.5296
5.05007	1	1	0	33.5278
5.05507	1	1	0	33.526
5.06007	1	1	0	33.5242
5.06507	1	1	0	33.5224
5.07007	1	1	0	33.5206
5.07507	1	1	0	33.5188
5.08007	1	1	0	33.517
5.08507	1	1	0	33.5152
5.09007	1	1	0	33.5134
5.09507	1	1	0	33.5116
5.10007	1	1	0	33.5098
5.10507	1	1	0	33.508
5.10607	1	1	0	33.5077
5.11007	1	1	0	33.5062
5.11507	1	1	0	33.5044
5.12007	1	1	0	33.5026
5.12507	1	1	0	33.5008
5.13007	1	1	0	33.499
5.13507	1	1	0	33.4973
5.14007	1	1	0	33.4955
5.14507	1	1	0	33.4937
5.15007	1	1	0	33.4919
5.15507	1	1	0	33.4901
5.16007	1	1	0	33.4883
5.16507	1	1	0	33.4865
5.17007	1	1	0	33.4847
5.17507	1	1	0	33.4829
5.18007	1	1	0	33.4811
5.18507	1	1	0	33.4793
5.18607	1	1	0	33.4789
5.19007	1	1	0	33.4775
5.19507	1	1	0	33.4757
5.20007	1	1	0	33.4739
5.20507	1	1	0	33.4721
5.21007	1	1	0	33.4703
5.21507	1	1	0	33.4685
5.22007	1	1	0	33.4667
5.22507	1	1	0	33.4649
5.23007	1	1	0	33.4631
5.23507	1	1	0	33.4613
5.24007	1	1	0	33.4595
5.24507	1	1	0	33.4577
5.25007	1	1	0	33.4559
5.25507	1	1	0	33.4541
5.26007	1	1	0	33.4523
5.26507	1	1	0	33.4505
5.26607	1	1	0	33.4501
5.27007	1	1	0	33.4487
5.27507	1	1	0	33.4469
5.28007	1	1	0	33.4451
5.28507	1	1	0	33.4433
5.29007	1	1	0	33.4415
5.29507	1	1	0	33.4397
5.30007	1	1	0	33.4379
5.30507	1	1	0	33.4361
5.31007	1	1	0	33.4343
5.31507	1	1	0	33.4325
5.32007	1	1	0	33.4306
5.32507	1	1	0	33.4288
5.33007	1	1	0	33.427
5.33507	1	1	0	33.4252
5.34007	1	1	0	33.4234
5.34507	1	1	0	33.4216
5.34607	1	1	0	33.4213
5.35007	1	1	0	33.4198
5.35507	1	1	0	33.418
5.36007	1	1	0	33.4162
5.36507	1	1	0	33.4144
5.37007	1	1	0	33.4126
5.37507	1	1	0	33.4108
5.38007	1	1	0	33.409
5.38507	1	1	0	33.4072
5.39007	1	1	0	33.4054
5.39507	1	1	0	33.4036
5.40007	1	1	0	33.4018
5.40507	1	1	0	33.4
5.41007	1	1	0	33.3982
5.41507	1	1	0	33.3964
5.42007	1	1	0	33.3946
5.42507	1	1	0	33.3928
5.42607	1	1	0	33.3924
5.43007	1	1	0	33.391
5.43507	1	1	0	33.3891
5.44007	1	1	0	33.3873
5.44507	1	1	0	33.3855
5.45007	1	1	0	33.3837
5.45507	1	1	0	33.3819
5.46007	1	1	0	33.3801
5.46507	1	1	0	33.3783
5.47007	1	1	0	33.3765
5.47507	1	1	0	33.3747
5.48007	1	1	0	33.3729
5.48507	1	1	0	33.3711
5.49007	1	1	0	33.3693
5.49507	1	1	0	33.3675
5.50007	1	1	0	33.3657
5.50507	1	1	0	33.3638
5.50607	1	1	0	33.3635
5.51007	1	1	0	33.362
5.51507	1	1	0	33.3602
5.52007	1	1	0	33.3584
5.52507	1	1	0	33.3566
5.53007	1	1	0	33.3548
5.53507	1	1	0	33.353
5.54007	1	1	0	33.3512
5.54507	1	1	0	33.3494
5.55007	1	1	0	33.3476
5.55507	1	1	0	33.3458
5.56007	1	1	0	33.3439
5.56507	1	1	0	33.3421
5.57007	1	1	0	33.3403
5.57507	1	1	0	33.3385
5.58007	1	1	0	33.3367
5.58507	1	1	0	33.3349
5.58607	1	1	0	33.3345
5.59007	1	1	0	33.3331
5.59507	1	1	0	33.3313
5.60007	1	1	0	33.3295
5.60507	1	1	0	33.3276
5.61007	1	1	0	33.3258
5.61507	1	1	0	33.324
5.62007	1	1	0	33.3222
5.62507	1	1	0	33.3204
5.63007	1	1	0	33.3186
5.63507	1	1	0	33.3168
5.64007	1	1	0	33.315
5.64507	1	1	0	33.3132
5.65007	1	1	0	33.3113
5.65507	1	1	0	33.3095
5.66007	1	1	0	33.3077
5.66507	1	1	0	33.3059
5.66607	1	1	0	33.3055
5.67007	1	1	0	33.3041
5.67507	1	1	0	33.3023
5.68007	1	1	0	33.3005
5.68507	1	1	0	33.2987
5.69007	1	1	0	33.2968
5.69507	1	1	0	33.295
5.70007	1	1	0	33.2932
5.70507	1	1	0	33.2914
5.71007	1	1	0	33.2896
5.71507	1	1	0	33.2878
5.72007	1	1	0	33.286
5.72507	1	1	0	33.2841
5.73007	1	1	0	33.2823
5.73507	1	1	0	33.2805
5.74007	1	1	0	33.2787
5.74507	1	1	0	33.2769
5.74607	1	1	0	33.2765
5.75007	1	1	0	33.2751
5.75507	1	1	0	33.2733
5.76007	1	1	0	33.2714
5.76507	1	1	0	33.2696
5.77007	1	1	0	33.2678
5.77507	1	1	0	33.266
5.78007	1	1	0	33.2642
5.78507	1	1	0	33.2624
5.79007	1	1	0	33.2605
5.79507	1	1	0	33.2587
5.80007	1	1	0	33.2569
5.80507	1	1	0	33.2551
5.81007	1	1	0	33.2533
5.81507	1	1	0	33.2515
5.82007	1	1	0	33.2496
5.82507	1	1	0	33.2478
5.82607	1	1	0	33.2475
5.83007	1	1	0	33.246
5.83507	1	1	0	33.2442
5.84007	1	1	0	33.2424
5.84507	1	1	0	33.2406
5.85007	1	1	0	33.2387
5.85507	1	1	0	33.2369
5.86007	1	1	0	33.2351
5.86507	1	1	0	33.2333
5.87007	1	1	0	33.2315
5.87507	1	1	0	33.2296
5.88007	1	1	0	33.2278
5.88507	1	1	0	33.226
5.89007	1	1	0	33.2242
5.89507	1	1	0	33.2224
5.90007	1	1	0	33.2206
5.90507	1	1	0	33.2187
5.90607	1	1	0	33.2184
5.91007	1	1	0	33.2169
5.91507	1	1	0	33.2151
5.92007	1	1	0	33.2133
5.92507	1	1	0	33.2115
5.93007	1	1	0	33.2096
5.93507	1	1	0	33.2078
5.94007	1	1	0	33.206
5.94507	1	1	0	33.2042
5.95007	1	1	0	33.2024
5.95507	1	1	0	33.2005
5.96007	1	1	0	33.1987
5.96507	1	1	0	33.1969
5.97007	1	1	0	33.1951
5.97507	1	1	0	33.1933
5.98007	1	1	0	33.1914
5.98507	1	1	0	33.1896
5.98607	1	1	0	33.1892
5.99007	1	1	0	33.1878
5.99507	1	1	0	33.186
6.00007	1	1	0	33.1841
6.00507	1	1	0	33.1823
6.01007	1	1	0	33.1805
6.01507	1	1	0	33.1787
6.02007	1	1	0	33.1769
6.02507	1	1	0	33.175
6.03007	1	1	0	33.1732
6.03507	1	1	0	33.1714
6.04007	1	1	0	33.1696
6.04507	1	1	0	33.1677
6.05007	1	1	0	33.1659
6.05507	1	1	0	33.1641
6.06007	1	1	0	33.1623
6.06507	1	1	0	33.1605
6.06607	1	1	0	33.1601
6.07007	1	1	0	33.1586
6.07507	1	1	0	33.1568
6.08007	1	1	0	33.155
6.08507	1	1	0	33.1532
6.09007	1	1	0	33.1513
6.09507	1	1	0	33.1495
6.10007	1	1	0	33.1477
6.10507	1	1	0	33.1459
6.11007	1	1	0	33.144
6.11507	1	1	0	33.1422
6.12007	1	1	0	33.1404
6.12507	1	1	0	33.1386
6.13007	1	1	0	33.1367
6.13507	1	1	0	33.1349
6.14007	1	1	0	33.1331
6.14507	1	1	0	33.1313
6.14607	1	1	0	33.1309
6.15007	1	1	0	33.1294
6.15507	1	1	0	33.1276
6.16007	1	1	0	33.1258
6.16507	1	1	0	33.124
6.17007	1	1	0	33.1221
6.17507	1	1	0	33.1203
6.18007	1	1	0	33.1185
6.18507	1	1	0	33.1167
6.19007	1	1	0	33.1148
6.19507	1	1	0	33.113
6.20007	1	1	0	33.1112
6.20507	1	1	0	33.1094
6.21007	1	1	0	33.1075
6.21507	1	1	0	33.1057
6.22007	1	1	0	33.1039
6.22507	1	1	0	33.102
6.22607	1	1	0	33.1017
6.23007	1	1	0	33.1002
6.23507	1	1	0	33.0984
6.24007	1	1	0	33.0966
6.24507	1	1	0	33.0947
6.25007	1	1	0	33.0929
6.25507	1	1	0	33.0911
6.26007	1	1	0	33.0893
6.26507	1	1	0	33.0874
6.27007	1	1	0	33.0856
6.27507	1	1	0	33.0838
6.28007	1	1	0	33.0819
6.28507	1	1	0	33.0801
6.29007	1	1	0	33.0783
6.29507	1	1	0	33.0765
6.30007	1	1	0	33.0746
6.30507	1	1	0	33.0728
6.30607	1	1	0	33.0724
6.31007	1	1	0	33.071
6.31507	1	1	0	33.0691
6.32007	1	1	0	33.0673
6.32507	1	1	0	33.0655
6.33007	1	1	0	33.0636
6.33507	1	1	0	33.0618
6.34007	1	1	0	33.06
6.34507	1	1	0	33.0582
6.35007	1	1	0	33.0563
6.35507	1	1	0	33.0545
6.36007	1	1	0	33.0527
6.36507	1	1	0	33.0508
6.37007	1	1	0	33.049
6.37507	1	1	0	33.0472
6.38007	1	1	0	33.0453
6.38507	1	1	0	33.0435
6.38607	1	1	0	33.0431
6.39007	1	1	0	33.0417
6.39507	1	1	0	33.0399
6.40007	1	1	0	33.038
6.40507	1	1	0	33.0362
6.41007	1	1	0	33.0344
6.41507	1	1	0	33.0325
6.42007	1	1	0	33.0307
6.42507	1	1	0	33.0289
6.43007	1	1	0	33.027
6.43507	1	1	0	33.0252
6.44007	1	1	0	33.0234
6.44507	1	1	0	33.0215
6.45007	1	1	0	33.0197
6.45507	1	1	0	33.0179
6.46007	1	1	0	33.016
6.46507	1	1	0	33.0142
6.46607	1	1	0	33.0138
6.47007	1	1	0	33.0124
6.47507	1	1	0	33.0105
6.48007	1	1	0	33.0087
6.48507	1	1	0	33.0069
6.49007	1	1	0	33.005
6.49507	1	1	0	33.0032
6.50007	1	1	0	33.0014
6.50507	1	1	0	32.9995
6.51007	1	1	0	32.9977
6.51107	1	1	0	32.9973
6.51207	1	1	0	32.997
6.51507	1	1	0	32.9959
6.51707	1	1	0	32.9951
6.52007	1	1	0	32.994
6.52507	1	1	0	32.9922
6.53007	1	1	0	32.9904
6.53507	1	1	0	32.9885
6.54007	1	1	0	32.9867
6.54507	1	1	0	32.9849
6.54607	1	1	0	32.9845
6.55007	1	1	0	32.983
6.55507	1	1	0	32.9812
6.56007	1	1	0	32.9794
6.56507	1	1	0	32.9775
6.57007	1	1	0	32.9757
6.57507	1	1	0	32.9739
6.58007	1	1	0	32.972
6.58507	1	1	0	32.9702
6.59007	1	1	0	32.9683
6.59507	1	1	0	32.9665
6.60007	1	1	0	32.9647
6.60507	1	1	0	32.9628
6.61007	1	1	0	32.961
6.61507	1	1	0	32.9592
6.62007	1	1	0	32.9573
6.62507	1	1	0	32.9555
6.62607	1	1	0	32.9551
6.63007	1	1	0	32.9537
6.63507	1	1	0	32.9518
6.64007	1	1	0	32.95
6.64507	1	1	0	32.9482
6.65007	1	1	0	32.9463
6.65507	1	1	0	32.9445
6.66007	1	1	0	32.9426
6.66507	1	1	0	32.9408
6.67007	1	1	0	32.939
6.67507	1	1	0	32.9371
6.68007	1	1	0	32.9353
6.68507	1	1	0	32.9335
6.69007	1	1	0	32.9316
6.69507	1	1	0	32.9298
6.70007	1	1	0	32.9279
6.70507	1	1	0	32.9261
6.70607	1	1	0	32.9257
6.71007	1	1	0	32.9243
6.71507	1	1	0	32.9224
6.72007	1	1	0	32.9206
6.72507	1	1	0	32.9188
6.73007	1	1	0	32.9169
6.73507	1	1	0	32.9151
6.74007	1	1	0	32.9132
6.74507	1	1	0	32.9114
6.75007	1	1	0	32.9096
6.75507	1	1	0	32.9077
6.76007	1	1	0	32.9059
6.76507	1	1	0	32.904
6.77007	1	1	0	32.9022
6.77507	1	1	0	32.9004
6.78007	1	1	0	32.8985
6.78507	1	1	0	32.8967
6.78607	1	1	0	32.8963
6.79007	1	1	0	32.8948
6.79507	1	1	0	32.893
6.80007	1	1	0	32.8912
6.80507	1	1	0	32.8893
6.81007	1	1	0	32.8875
6.81507	1	1	0	32.8856
6.82007	1	1	0	32.8838
6.82507	1	1	0	32.882
6.83007	1	1	0	32.8801
6.83507	1	1	0	32.8783
6.84007	1	1	0	32.8764
6.84507	1	1	0	32.8746
6.85007	1	1	0	32.8728
6.85507	1	1	0	32.8709
6.86007	1	1	0	32.8691
6.86507	1	1	0	32.8672
6.86607	1	1	0	32.8669
6.87007	1	1	0	32.8654
6.87507	1	1	0	32.8636
6.88007	1	1	0	32.8617
6.88507	1	1	0	32.8599
6.89007	1	1	0	32.858
6.89507	1	1	0	32.8562
6.90007	1	1	0	32.8543
6.90507	1	1	0	32.8525
6.91007	1	1	0	32.8507
6.91507	1	1	0	32.8488
6.92007	1	1	0	32.847
6.92507	1	1	0	32.8451
6.93007	1	1	0	32.8433
6.93507	1	1	0	32.8414
6.94007	1	1	0	32.8396
6.94507	1	1	0	32.8378
6.94607	1	1	0	32.8374
6.95007	1	1	0	32.8359
6.95507	1	1	0	32.8341
6.96007	1	1	0	32.8322
6.96507	1	1	0	32.8304
6.97007	1	1	0	32.8285
6.97507	1	1	0	32.8267
6.98007	1	1	0	32.8249
6.98507	1	1	0	32.823
6.99007	1	1	0	32.8212
6.99507	1	1	0	32.8193
7.00007	1	1	0	32.8175
7.00507	1	1	0	32.8156
7.01007	1	1	0	32.8138
7.01507	1	1	0	32.8119
7.02007	1	1	0	32.8101
7.02507	1	1	0	32.8083
7.02607	1	1	0	32.8079
7.03007	1	1	0	32.8064
7.03507	1	1	0	32.8046
7.04007	1	1	0	32.8027
7.04507	1	1	0	32.8009
7.05007	1	1	0	32.799
7.05507	1	1	0	32.7972
7.06007	1	1	0	32.7953
7.06507	1	1	0	32.7935
7.07007	1	1	0	32.7917
7.07507	1	1	0	32.7898
7.08007	1	1	0	32.788
7.08507	1	1	0	32.7861
7.09007	1	1	0	32.7843
7.09507	1	1	0	32.7824
7.10007	1	1	0	32.7806
7.10507	1	1	0	32.7787
7.10607	1	1	0	32.7784
7.11007	1	1	0	32.7769
7.11507	1	1	0	32.775
7.12007	1	1	0	32.7732
7.12507	1	1	0	32.7714
7.13007	1	1	0	32.7695
7.13507	1	1	0	32.7677
7.14007	1	1	0	32.7658
7.14507	1	1	0	32.764
7.15007	1	1	0	32.7621
7.15507	1	1	0	32.7603
7.16007	1	1	0	32.7584
7.16507	1	1	0	32.7566
7.17007	1	1	0	32.7547
7.17507	1	1	0	32.7529
7.18007	1	1	0	32.751
7.18507	1	1	0	32.7492
7.18607	1	1	0	32.7488
7.19007	1	1	0	32.7473
7.19507	1	1	0	32.7455
7.20007	1	1	0	32.7436
7.20507	1	1	0	32.7418
7.21007	1	1	0	32.7399
7.21507	1	1	0	32.7381
7.22007	1	1	0	32.7363
7.22507	1	1	0	32.7344
7.23007	1	1	0	32.7326
7.23507	1	1	0	32.7307
7.24007	1	1	0	32.7289
7.24507	1	1	0	32.727
7.25007	1	1	0	32.7252
7.25507	1	1	0	32.7233
7.26007	1	1	0	32.7215
7.26507	1	1	0	32.7196
7.26607	1	1	0	32.7192
7.27007	1	1	0	32.7178
7.27507	1	1	0	32.7159
7.28007	1	1	0	32.7141
7.28507	1	1	0	32.7122
7.29007	1	1	0	32.7104
7.29507	1	1	0	32.7085
7.30007	1	1	0	32.7067
7.30507	1	1	0	32.7048
7.31007	1	1	0	32.703
7.31507	1	1	0	32.7011
7.32007	1	1	0	32.6993
7.32507	1	1	0	32.6974
7.33007	1	1	0	32.6956
7.33507	1	1	0	32.6937
7.34007	1	1	0	32.6919
7.34507	1	1	0	32.69
7.34607	1	1	0	32.6897
7.35007	1	1	0	32.6882
7.35507	1	1	0	32.6863
7.36007	1	1	0	32.6845
7.36507	1	1	0	32.6826
7.37007	1	1	0	32.6808
7.37507	1	1	0	32.6789
7.38007	1	1	0	32.6771
7.38507	1	1	0	32.6752
7.39007	1	1	0	32.6734
7.39507	1	1	0	32.6715
7.40007	1	1	0	32.6697
7.40507	1	1	0	32.6678
7.41007	1	1	0	32.666
7.41507	1	1	0	32.6641
7.42007	1	1	0	32.6623
7.42507	1	1	0	32.6604
7.42607	1	1	0	32.66
7.43007	1	1	0	32.6586
7.43507	1	1	0	32.6567
7.44007	1	1	0	32.6549
7.44507	1	1	0	32.653
7.45007	1	1	0	32.6511
7.45507	1	1	0	32.6493
7.46007	1	1	0	32.6474
7.46507	1	1	0	32.6456
7.47007	1	1	0	32.6437
7.47507	1	1	0	32.6419
7.48007	1	1	0	32.64
7.48507	1	1	0	32.6382
7.49007	1	1	0	32.6363
7.49507	1	1	0	32.6345
7.50007	1	1	0	32.6326
7.50507	1	1	0	32.6308
7.50607	1	1	0	32.6304
7.51007	1	1	0	32.6289
7.51507	1	1	0	32.6271
7.52007	1	1	0	32.6252
7.52507	1	1	0	32.6234
7.53007	1	1	0	32.6215
7.53507	1	1	0	32.6196
7.54007	1	1	0	32.6178
7.54507	1	1	0	32.6159
7.55007	1	1	0	32.6141
7.55507	1	1	0	32.6122
7.56007	1	1	0	32.6104
7.56507	1	1	0	32.6085
7.57007	1	1	0	32.6067
7.57507	1	1	0	32.6048
7.58007	1	1	0	32.603
7.58507	1	1	0	32.6011
7.58607	1	1	0	32.6007
7.59007	1	1	0	32.5993
7.59507	1	1	0	32.5974
7.60007	1	1	0	32.5955
7.60507	1	1	0	32.5937
7.61007	1	1	0	32.5918
7.61507	1	1	0	32.59
7.62007	1	1	0	32.5881
7.62507	1	1	0	32.5863
7.63007	1	1	0	32.5844
7.63507	1	1	0	32.5826
7.64007	1	1	0	32.5807
7.64507	1	1	0	32.5789
7.65007	1	1	0	32.577
7.65507	1	1	0	32.5751
7.66007	1	1	0	32.5733
7.66507	1	1	0	32.5714
7.66607	1	1	0	32.5711
7.67007	1	1	0	32.5696
7.67507	1	1	0	32.5677
7.68007	1	1	0	32.5659
7.68507	1	1	0	32.564
7.69007	1	1	0	32.5621
7.69507	1	1	0	32.5603
7.70007	1	1	0	32.5584
7.70507	1	1	0	32.5566
7.71007	1	1	0	32.5547
7.71507	1	1	0	32.5529
7.72007	1	1	0	32.551
7.72507	1	1	0	32.5492
7.73007	1	1	0	32.5473
7.73507	1	1	0	32.5454
7.74007	1	1	0	32.5436
7.74507	1	1	0	32.5417
7.74607	1	1	0	32.5414
7.75007	1	1	0	32.5399
7.75507	1	1	0	32.538
7.76007	1	1	0	32.5362
7.76507	1	1	0	32.5343
7.77007	1	1	0	32.5324
7.77507	1	1	0	32.5306
7.78007	1	1	0	32.5287
7.78507	1	1	0	32.5269
7.79007	1	1	0	32.525
7.79507	1	1	0	32.5232
7.80007	1	1	0	32.5213
7.80507	1	1	0	32.5194
7.81007	1	1	0	32.5176
7.81507	1	1	0	32.5157
7.82007	1	1	0	32.5139
7.82507	1	1	0	32.512
7.82607	1	1	0	32.5116
7.83007	1	1	0	32.5102
7.83507	1	1	0	32.5083
7.84007	1	1	0	32.5064
7.84507	1	1	0	32.5046
7.85007	1	1	0	32.5027
7.85507	1	1	0	32.5009
7.86007	1	1	0	32.499
7.86507	1	1	0	32.4971
7.87007	1	1	0	32.4953
7.87507	1	1	0	32.4934
7.88007	1	1	0	32.4916
7.88507	1	1	0	32.4897
7.89007	1	1	0	32.4878
7.89507	1	1	0	32.486
7.90007	1	1	0	32.4841
7.90507	1	1	0	32.4823
7.90607	1	1	0	32.4819
7.91007	1	1	0	32.4804
7.91507	1	1	0	32.4786
7.92007	1	1	0	32.4767
7.92507	1	1	0	32.4748
7.93007	1	1	0	32.473
7.93507	1	1	0	32.4711
7.94007	1	1	0	32.4693
7.94507	1	1	0	32.4674
7.95007	1	1	0	32.4655
7.95507	1	1	0	32.4637
7.96007	1	1	0	32.4618
7.96507	1	1	0	32.46
7.97007	1	1	0	32.4581
7.97507	1	1	0	32.4562
7.98007	1	1	0	32.4544
7.98507	1	1	0	32.4525
7.98607	1	1	0	32.4521
7.99007	1	1	0	32.4507
7.99507	1	1	0	32.4488
8.00007	1	1	0	32.4469
8.00507	1	1	0	32.4451
8.01007	1	1	0	32.4432
8.01507	1	1	0	32.4413
8.02007	1	1	0	32.4395
8.02507	1	1	0	32.4376
8.03007	1	1	0	32.4358
8.03507	1	1	0	32.4339
8.04007	1	1	0	32.432
8.04507	1	1	0	32.4302
8.05007	1	1	0	32.4283
8.05507	1	1	0	32.4265
8.06007	1	1	0	32.4246
8.06507	1	1	0	32.4227
8.06607	1	1	0	32.4224
8.07007	1	1	0	32.4209
8.07507	1	1	0	32.419
8.08007	1	1	0	32.4172
8.08507	1	1	0	32.4153
8.09007	1	1	0	32.4134
8.09507	1	1	0	32.4116
8.10007	1	1	0	32.4097
8.10507	1	1	0	32.4078
8.11007	1	1	0	32.406
8.11507	1	1	0	32.4041
8.12007	1	1	0	32.4023
8.12507	1	1	0	32.4004
8.13007	1	1	0	32.3985
8.13507	1	1	0	32.3967
8.14007	1	1	0	32.3948
8.14507	1	1	0	32.3929
8.14607	1	1	0	32.3926
8.15007	1	1	0	32.3911
8.15507	1	1	0	32.3892
8.16007	1	1	0	32.3874
8.16507	1	1	0	32.3855
8.17007	1	1	0	32.3836
8.17507	1	1	0	32.3818
8.18007	1	1	0	32.3799
8.18507	1	1	0	32.378
8.19007	1	1	0	32.3762
8.19507	1	1	0	32.3743
8.20007	1	1	0	32.3725
8.20507	1	1	0	32.3706
8.21007	1	1	0	32.3687
8.21507	1	1	0	32.3669
8.22007	1	1	0	32.365
8.22507	1	1	0	32.3631
8.22607	1	1	0	32.3628
8.23007	1	1	0	32.3613
8.23507	1	1	0	32.3594
8.24007	1	1	0	32.3575
8.24507	1	1	0	32.3557
8.25007	1	1	0	32.3538
8.25507	1	1	0	32.352
8.26007	1	1	0	32.3501
8.26507	1	1	0	32.3482
8.27007	1	1	0	32.3464
8.27507	1	1	0	32.3445
8.28007	1	1	0	32.3426
8.28507	1	1	0	32.3408
8.29007	1	1	0	32.3389
8.29507	1	1	0	32.337
8.30007	1	1	0	32.3352
8.30507	1	1	0	32.3333
8.30607	1	1	0	32.3329
8.31007	1	1	0	32.3314
8.31507	1	1	0	32.3296
8.32007	1	1	0	32.3277
8.32507	1	1	0	32.3258
8.33007	1	1	0	32.324
8.33507	1	1	0	32.3221
8.34007	1	1	0	32.3203
8.34507	1	1	0	32.3184
8.35007	1	1	0	32.3165
8.35507	1	1	0	32.3147
8.36007	1	1	0	32.3128
8.36507	1	1	0	32.3109
8.37007	1	1	0	32.3091
8.37507	1	1	0	32.3072
8.38007	1	1	0	32.3053
8.38507	1	1	0	32.3035
8.38607	1	1	0	32.3031
8.39007	1	1	0	32.3016
8.39507	1	1	0	32.2997
8.40007	1	1	0	32.2979
8.40507	1	1	0	32.296
8.41007	1	1	0	32.2941
8.41507	1	1	0	32.2923
8.42007	1	1	0	32.2904
8.42507	1	1	0	32.2885
8.43007	1	1	0	32.2867
8.43507	1	1	0	32.2848
8.44007	1	1	0	32.2829
8.44507	1	1	0	32.2811
8.45007	1	1	0	32.2792
8.45507	1	1	0	32.2773
8.46007	1	1	0	32.2755
8.46507	1	1	0	32.2736
8.46607	1	1	0	32.2732
8.47007	1	1	0	32.2717
8.47507	1	1	0	32.2699
8.48007	1	1	0	32.268
8.48507	1	1	0	32.2661
8.49007	1	1	0	32.2643
8.49507	1	1	0	32.2624
8.50007	1	1	0	32.2605
8.50507	1	1	0	32.2587
8.51007	1	1	0	32.2568
8.51507	1	1	0	32.2549
8.51607	1	1	0	32.2546
8.51707	1	1	0	32.2542
8.52007	1	1	0	32.2531
8.52207	1	1	0	32.2523
8.52507	1	1	0	32.2512
8.53007	1	1	0	32.2493
8.53507	1	1	0	32.2475
8.54007	1	1	0	32.2456
8.54507	1	1	0	32.2437
8.54607	1	1	0	32.2434
8.55007	1	1	0	32.2419
8.55507	1	1	0	32.24
8.56007	1	1	0	32.2381
8.56507	1	1	0	32.2363
8.57007	1	1	0	32.2344
8.57507	1	1	0	32.2325
8.58007	1	1	0	32.2307
8.58507	1	1	0	32.2288
8.59007	1	1	0	32.2269
8.59507	1	1	0	32.2251
8.60007	1	1	0	32.2232
8.60507	1	1	0	32.2213
8.61007	1	1	0	32.2195
8.61507	1	1	0	32.2176
8.62007	1	1	0	32.2157
8.62507	1	1	0	32.2139
8.62607	1	1	0	32.2135
8.63007	1	1	0	32.212
8.63507	1	1	0	32.2101
8.64007	1	1	0	32.2082
8.64507	1	1	0	32.2064
8.65007	1	1	0	32.2045
8.65507	1	1	0	32.2026
8.66007	1	1	0	32.2008
8.66507	1	1	0	32.1989
8.67007	1	1	0	32.197
8.67507	1	1	0	32.1952
8.68007	1	1	0	32.1933
8.68507	1	1	0	32.1914
8.69007	1	1	0	32.1896
8.69507	1	1	0	32.1877
8.70007	1	1	0	32.1858
8.70507	1	1	0	32.184
8.70607	1	1	0	32.1836
8.71007	1	1	0	32.1821
8.71507	1	1	0	32.1802
8.72007	1	1	0	32.1783
8.72507	1	1	0	32.1765
8.73007	1	1	0	32.1746
8.73507	1	1	0	32.1727
8.74007	1	1	0	32.1709
8.74507	1	1	0	32.169
8.75007	1	1	0	32.1671
8.75507	1	1	0	32.1653
8.76007	1	1	0	32.1634
8.76507	1	1	0	32.1615
8.77007	1	1	0	32.1596
8.77507	1	1	0	32.1578
8.78007	1	1	0	32.1559
8.78507	1	1	0	32.154
8.78607	1	1	0	32.1537
8.79007	1	1	0	32.1522
8.79507	1	1	0	32.1503
8.80007	1	1	0	32.1484
8.80507	1	1	0	32.1466
8.81007	1	1	0	32.1447
8.81507	1	1	0	32.1428
8.82007	1	1	0	32.1409
8.82507	1	1	0	32.1391
8.83007	1	1	0	32.1372
8.83507	1	1	0	32.1353
8.84007	1	1	0	32.1335
8.84507	1	1	0	32.1316
8.85007	1	1	0	32.1297
8.85507	1	1	0	32.1279
8.86007	1	1	0	32.126
8.86507	1	1	0	32.1241
8.86607	1	1	0	32.1237
8.87007	1	1	0	32.1222
8.87507	1	1	0	32.1204
8.88007	1	1	0	32.1185
8.88507	1	1	0	32.1166
8.89007	1	1	0	32.1148
8.89507	1	1	0	32.1129
8.90007	1	1	0	32.111
8.90507	1	1	0	32.1091
8.91007	1	1	0	32.1073
8.91507	1	1	0	32.1054
8.92007	1	1	0	32.1035
8.92507	1	1	0	32.1017
8.93007	1	1	0	32.0998
8.93507	1	1	0	32.0979
8.94007	1	1	0	32.096
8.94507	1	1	0	32.0942
8.94607	1	1	0	32.0938
8.95007	1	1	0	32.0923
8.95507	1	1	0	32.0904
8.96007	1	1	0	32.0886
8.96507	1	1	0	32.0867
8.97007	1	1	0	32.0848
8.97507	1	1	0	32.0829
8.98007	1	1	0	32.0811
8.98507	1	1	0	32.0792
8.99007	1	1	0	32.0773
8.99507	1	1	0	32.0755
9.00007	1	1	0	32.0736
9.00507	1	1	0	32.0717
9.01007	1	1	0	32.0698
9.01507	1	1	0	32.068
9.02007	1	1	0	32.0661
9.02507	1	1	0	32.0642
9.02607	1	1	0	32.0638
9.03007	1	1	0	32.0623
9.03507	1	1	0	32.0605
9.04007	1	1	0	32.0586
9.04507	1	1	0	32.0567
9.05007	1	1	0	32.0549
9.05507	1	1	0	32.053
9.06007	1	1	0	32.0511
9.06507	1	1	0	32.0492
9.07007	1	1	0	32.0474
9.07507	1	1	0	32.0455
9.08007	1	1	0	32.0436
9.08507	1	1	0	32.0417
9.09007	1	1	0	32.0399
9.09507	1	1	0	32.038
9.10007	1	1	0	32.0361
9.10507	1	1	0	32.0343
9.10607	1	1	0	32.0339
9.11007	1	1	0	32.0324
9.11507	1	1	0	32.0305
9.12007	1	1	0	32.0286
9.12507	1	1	0	32.0268
9.13007	1	1	0	32.0249
9.13507	1	1	0	32.023
9.14007	1	1	0	32.0211
9.14507	1	1	0	32.0193
9.15007	1	1	0	32.0174
9.15507	1	1	0	32.0155
9.16007	1	1	0	32.0137
9.16507	1	1	0	32.0118
9.17007	1	1	0	32.0099
9.17507	1	1	0	32.008
9.18007	1	1	0	32.0062
9.18507	1	1	0	32.0043
9.18607	1	1	0	32.0039
9.19007	1	1	0	32.0024
9.19507	1	1	0	32.0005
9.20007	1	1	0	31.9987
9.20507	1	1	0	31.9968
9.21007	1	1	0	31.9949
9.21507	1	1	0	31.993
9.22007	1	1	0	31.9912
9.22507	1	1	0	31.9893
9.23007	1	1	0	31.9874
9.23507	1	1	0	31.9855
9.24007	1	1	0	31.9837
9.24507	1	1	0	31.9818
9.25007	1	1	0	31.9799
9.25507	1	1	0	31.978
9.26007	1	1	0	31.9762
9.26507	1	1	0	31.9743
9.26607	1	1	0	31.9739
9.27007	1	1	0	31.9724
9.27507	1	1	0	31.9706
9.28007	1	1	0	31.9687
9.28507	1	1	0	31.9668
9.29007	1	1	0	31.9649
9.29507	1	1	0	31.9631
9.30007	1	1	0	31.9612
9.30507	1	1	0	31.9593
9.31007	1	1	0	31.9574
9.31507	1	1	0	31.9556
9.32007	1	1	0	31.9537
9.32507	1	1	0	31.9518
9.33007	1	1	0	31.9499
9.33507	1	1	0	31.9481
9.34007	1	1	0	31.9462
9.34507	1	1	0	31.9443
9.34607	1	1	0	31.9439
9.35007	1	1	0	31.9424
9.35507	1	1	0	31.9406
9.36007	1	1	0	31.9387
9.36507	1	1	0	31.9368
9.37007	1	1	0	31.9349
9.37507	1	1	0	31.9331
9.38007	1	1	0	31.9312
9.38507	1	1	0	31.9293
9.39007	1	1	0	31.9274
9.39507	1	1	0	31.9256
9.40007	1	1	0	31.9237
9.40507	1	1	0	31.9218
9.41007	1	1	0	31.9199
9.41507	1	1	0	31.9181
9.42007	1	1	0	31.9162
9.42507	1	1	0	31.9143
9.42607	1	1	0	31.9139
9.43007	1	1	0	31.9124
9.43507	1	1	0	31.9105
9.44007	1	1	0	31.9087
9.44507	1	1	0	31.9068
9.45007	1	1	0	31.9049
9.45507	1	1	0	31.903
9.46007	1	1	0	31.9012
9.46507	1	1	0	31.8993
9.47007	1	1	0	31.8974
9.47507	1	1	0	31.8955
9.48007	1	1	0	31.8937
9.48507	1	1	0	31.8918
9.49007	1	1	0	31.8899
9.49507	1	1	0	31.888
9.50007	1	1	0	31.8862
9.50507	1	1	0	31.8843
9.50607	1	1	0	31.8839
9.51007	1	1	0	31.8824
9.51507	1	1	0	31.8805
9.52007	1	1	0	31.8787
9.52507	1	1	0	31.8768
9.53007	1	1	0	31.8749
9.53507	1	1	0	31.873
9.54007	1	1	0	31.8712
9.54507	1	1	0	31.8693
9.55007	1	1	0	31.8674
9.55507	1	1	0	31.8655
9.56007	1	1	0	31.8636
9.56507	1	1	0	31.8618
9.57007	1	1	0	31.8599
9.57507	1	1	0	31.858
9.58007	1	1	0	31.8561
9.58507	1	1	0	31.8543
9.58607	1	1	0	31.8539
9.59007	1	1	0	31.8524
9.59507	1	1	0	31.8505
9.60007	1	1	0	31.8486
9.60507	1	1	0	31.8468
9.61007	1	1	0	31.8449
9.61507	1	1	0	31.843
9.62007	1	1	0	31.8411
9.62507	1	1	0	31.8393
9.63007	1	1	0	31.8374
9.63507	1	1	0	31.8355
9.64007	1	1	0	31.8336
9.64507	1	1	0	31.8317
9.65007	1	1	0	31.8299
9.65507	1	1	0	31.828
9.66007	1	1	0	31.8261
9.66507	1	1	0	31.8242
9.66607	1	1	0	31.8239
9.67007	1	1	0	31.8224
9.67507	1	1	0	31.8205
9.68007	1	1	0	31.8186
9.68507	1	1	0	31.8167
9.69007	1	1	0	31.8148
9.69507	1	1	0	31.813
9.70007	1	1	0	31.8111
9.70507	1	1	0	31.8092
9.71007	1	1	0	31.8073
9.71507	1	1	0	31.8055
9.72007	1	1	0	31.8036
9.72507	1	1	0	31.8017
9.73007	1	1	0	31.7998
9.73507	1	1	0	31.798
9.74007	1	1	0	31.7961
9.74507	1	1	0	31.7942
9.74607	1	1	0	31.7938
9.75007	1	1	0	31.7923
9.75507	1	1	0	31.7904
9.76007	1	1	0	31.7886
9.76507	1	1	0	31.7867
9.77007	1	1	0	31.7848
9.77507	1	1	0	31.7829
9.78007	1	1	0	31.7811
9.78507	1	1	0	31.7792
9.79007	1	1	0	31.7773
9.79507	1	1	0	31.7754
9.80007	1	1	0	31.7735
9.80507	1	1	0	31.7717
9.81007	1	1	0	31.7698
9.81507	1	1	0	31.7679
9.82007	1	1	0	31.766
9.82507	1	1	0	31.7642
9.82607	1	1	0	31.7638
9.83007	1	1	0	31.7623
9.83507	1	1	0	31.7604
9.84007	1	1	0	31.7585
9.84507	1	1	0	31.7566
9.85007	1	1	0	31.7548
9.85507	1	1	0	31.7529
9.86007	1	1	0	31.751
9.86507	1	1	0	31.7491
9.87007	1	1	0	31.7472
9.87507	1	1	0	31.7454
9.88007	1	1	0	31.7435
9.88507	1	1	0	31.7416
9.89007	1	1	0	31.7397
9.89507	1	1	0	31.7379
9.90007	1	1	0	31.736
9.90507	1	1	0	31.7341
9.90607	1	1	0	31.7337
9.91007	1	1	0	31.7322
9.91507	1	1	0	31.7303
9.92007	1	1	0	31.7285
9.92507	1	1	0	31.7266
9.93007	1	1	0	31.7247
9.93507	1	1	0	31.7228
9.94007	1	1	0	31.7209
9.94507	1	1	0	31.7191
9.95007	1	1	0	31.7172
9.95507	1	1	0	31.7153
9.96007	1	1	0	31.7134
9.96507	1	1	0	31.7116
9.97007	1	1	0	31.7097
9.97507	1	1	0	31.7078
9.98007	1	1	0	31.7059
9.98507	1	1	0	31.704
9.98607	1	1	0	31.7037
9.99007	1	1	0	31.7022
9.99507	1	1	0	31.7003
10.0001	1	1	0	31.6984
10.0051	1	1	0	31.6965
10.0101	1	1	0	31.6946
10.0151	1	1	0	31.6928
10.0201	1	1	0	31.6909
10.0251	1	1	0	31.689
10.0301	1	1	0	31.6871
10.0351	1	1	0	31.6852
10.0401	1	1	0	31.6834
10.0451	1	1	0	31.6815
10.0501	1	1	0	31.6796
10.0551	1	1	0	31.6777
10.0601	1	1	0	31.6759
10.0651	1	1	0	31.674
10.0661	1	1	0	31.6736
10.0701	1	1	0	31.6721
10.0751	1	1	0	31.6702
10.0801	1	1	0	31.6683
10.0851	1	1	0	31.6665
10.0901	1	1	0	31.6646
10.0951	1	1	0	31.6627
10.1001	1	1	0	31.6608
10.1051	1	1	0	31.6589
10.1101	1	1	0	31.6571
10.1151	1	1	0	31.6552
10.1201	1	1	0	31.6533
10.1251	1	1	0	31.6514
10.1301	1	1	0	31.6495
10.1351	1	1	0	31.6477
10.1401	1	1	0	31.6458
10.1451	1	1	0	31.6439
10.1461	1	1	0	31.6435
10.1501	1	1	0	31.642
10.1551	1	1	0	31.6401
10.1601	1	1	0	31.6383
10.1651	1	1	0	31.6364
10.1701	1	1	0	31.6345
10.1751	1	1	0	31.6326
10.1801	1	1	0	31.6307
10.1851	1	1	0	31.6289
10.1901	1	1	0	31.627
10.1951	1	1	0	31.6251
10.2001	1	1	0	31.6232
10.2051	1	1	0	31.6213
10.2101	1	1	0	31.6195
10.2151	1	1	0	31.6176
10.2201	1	1	0	31.6157
10.2251	1	1	0	31.6138
10.2261	1	1	0	31.6135
10.2301	1	1	0	31.6119
10.2351	1	1	0	31.6101
10.2401	1	1	0	31.6082
10.2451	1	1	0	31.6063
10.2501	1	1	0	31.6044
10.2551	1	1	0	31.6025
10.2601	1	1	0	31.6007
10.2651	1	1	0	31.5988
10.2701	1	1	0	31.5969
10.2751	1	1	0	31.595
10.2801	1	1	0	31.5931
10.2851	1	1	0	31.5913
10.2901	1	1	0	31.5894
10.2951	1	1	0	31.5875
10.3001	1	1	0	31.5856
10.3051	1	1	0	31.5837
10.3061	1	1	0	31.5834
10.3101	1	1	0	31.5819
10.3151	1	1	0	31.58
10.3201	1	1	0	31.5781
10.3251	1	1	0	31.5762
10.3301	1	1	0	31.5743
10.3351	1	1	0	31.5725
10.3401	1	1	0	31.5706
10.3451	1	1	0	31.5687
10.3501	1	1	0	31.5668
10.3551	1	1	0	31.5649
10.3601	1	1	0	31.5631
10.3651	1	1	0	31.5612
10.3701	1	1	0	31.5593
10.3751	1	1	0	31.5574
10.3801	1	1	0	31.5555
10.3851	1	1	0	31.5537
10.3861	1	1	0	31.5533
10.3901	1	1	0	31.5518
10.3951	1	1	0	31.5499
10.4001	1	1	0	31.548
10.4051	1	1	0	31.5461
10.4101	1	1	0	31.5443
10.4151	1	1	0	31.5424
10.4201	1	1	0	31.5405
10.4251	1	1	0	31.5386
10.4301	1	1	0	31.5367
10.4351	1	1	0	31.5349
10.4401	1	1	0	31.533
10.4451	1	1	0	31.5311
10.4501	1	1	0	31.5292
10.4551	1	1	0	31.5273
10.4601	1	1	0	31.5255
10.4651	1	1	0	31.5236
10.4661	1	1	0	31.5232
10.4701	1	1	0	31.5217
10.4751	1	1	0	31.5198
10.4801	1	1	0	31.5179
10.4851	1	1	0	31.516
10.4901	1	1	0	31.5142
10.4951	1	1	0	31.5123
10.5001	1	1	0	31.5104
10.5051	1	1	0	31.5123
10.5101	1	1	0	31.5142
10.5151	1	1	0	31.516
10.5201	1	1	0	31.5179
10.5211	1	1	0	31.5183
10.5221	1	1	0	31.5187
10.5251	1	1	0	31.5198
10.5261	1	1	0	31.5202
10.5271	1	1	0	31.5206
10.5301	1	1	0	31.5217
10.5311	1	1	0	31.5221
10.5321	1	1	0	31.5224
10.5351	1	1	0	31.5236
10.5361	1	1	0	31.5239
10.5371	1	1	0	31.5243
10.5401	1	1	0	31.5255
10.5451	1	1	0	31.5273
10.5461	1	1	0	31.5277
10.5501	1	1	0	31.5292
10.5551	1	1	0	31.5311
10.5601	1	1	0	31.533
10.5651	1	1	0	31.5349
10.5701	1	1	0	31.5367
10.5751	1	1	0	31.5386
10.5801	1	1	0	31.5405
10.5851	1	1	0	31.5424
10.5901	1	1	0	31.5443
10.5951	1	1	0	31.5461
10.6001	1	1	0	31.548
10.6051	1	1	0	31.5499
10.6101	1	1	0	31.5518
10.6151	1	1	0	31.5537
10.6201	1	1	0	31.5555
10.6251	1	1	0	31.5574
10.6261	1	1	0	31.5578
10.6301	1	1	0	31.5593
10.6351	1	1	0	31.5612
10.6401	1	1	0	31.5631
10.6451	1	1	0	31.5649
10.6501	1	1	0	31.5668
10.6551	1	1	0	31.5687
10.6601	1	1	0	31.5706
10.6651	1	1	0	31.5725
10.6701	1	1	0	31.5743
10.6751	1	1	0	31.5762
10.6801	1	1	0	31.5781
10.6851	1	1	0	31.58
10.6901	1	1	0	31.5819
10.6951	1	1	0	31.5837
10.7001	1	1	0	31.5856
10.7051	1	1	0	31.5875
10.7061	1	1	0	31.5879
10.7101	1	1	0	31.5894
10.7151	1	1	0	31.5913
10.7201	1	1	0	31.5931
10.7251	1	1	0	31.595
10.7301	1	1	0	31.5969
10.7351	1	1	0	31.5988
10.7401	1	1	0	31.6007
10.7451	1	1	0	31.6025
10.7501	1	1	0	31.6044
10.7551	1	1	0	31.6063
10.7601	1	1	0	31.6082
10.7651	1	1	0	31.6101
10.7701	1	1	0	31.6119
10.7751	1	1	0	31.6138
10.7801	1	1	0	31.6157
10.7851	1	1	0	31.6176
10.7861	1	1	0	31.618
10.7901	1	1	0	31.6195
10.7951	1	1	0	31.6213
10.8001	1	1	0	31.6232
10.8051	1	1	0	31.6251
10.8101	1	1	0	31.627
10.8151	1	1	0	31.6289
10.8201	1	1	0	31.6307
10.8251	1	1	0	31.6326
10.8301	1	1	0	31.6345
10.8351	1	1	0	31.6364
10.8401	1	1	0	31.6383
10.8451	1	1	0	31.6401
10.8501	1	1	0	31.642
10.8551	1	1	0	31.6439
10.8601	1	1	0	31.6458
10.8651	1	1	0	31.6477
10.8661	1	1	0	31.648
10.8701	1	1	0	31.6495
10.8751	1	1	0	31.6514
10.8801	1	1	0	31.6533
10.8851	1	1	0	31.6552
10.8901	1	1	0	31.6571
10.8951	1	1	0	31.6589
10.9001	1	1	0	31.6608
10.9051	1	1	0	31.6627
10.9101	1	1	0	31.6646
10.9151	1	1	0	31.6665
10.9201	1	1	0	31.6683
10.9251	1	1	0	31.6702
10.9301	1	1	0	31.6721
10.9351	1	1	0	31.674
10.9401	1	1	0	31.6759
10.9451	1	1	0	31.6777
10.9461	1	1	0	31.6781
10.9501	1	1	0	31.6796
10.9551	1	1	0	31.6815
10.9601	1	1	0	31.6834
10.9651	1	1	0	31.6852
10.9701	1	1	0	31.6871
10.9751	1	1	0	31.689
10.9801	1	1	0	31.6909
10.9851	1	1	0	31.6928
10.9901	1	1	0	31.6946
10.9951	1	1	0	31.6965
11.0001	1	1	0	31.6984
11.0051	1	1	0	31.7003
11.0101	1	1	0	31.7022
11.0151	1	1	0	31.704
11.0201	1	1	0	31.7059
11.0251	1	1	0	31.7078
11.0261	1	1	0	31.7082
11.0301	1	1	0	31.7097
11.0351	1	1	0	31.7116
11.0401	1	1	0	31.7134
11.0451	1	1	0	31.7153
11.0501	1	1	0	31.7172
11.0551	1	1	0	31.7191
11.0601	1	1	0	31.7209
11.0651	1	1	0	31.7228
11.0701	1	1	0	31.7247
11.0751	1	1	0	31.7266
11.0801	1	1	0	31.7285
11.0851	1	1	0	31.7303
11.0901	1	1	0	31.7322
11.0951	1	1	0	31.7341
11.1001	1	1	0	31.736
11.1051	1	1	0	31.7379
11.1061	1	1	0	31.7382
11.1101	1	1	0	31.7397
11.1151	1	1	0	31.7416
11.1201	1	1	0	31.7435
11.1251	1	1	0	31.7454
11.1301	1	1	0	31.7472
11.1351	1	1	0	31.7491
11.1401	1	1	0	31.751
11.1451	1	1	0	31.7529
11.1501	1	1	0	31.7548
11.1551	1	1	0	31.7566
11.1601	1	1	0	31.7585
11.1651	1	1	0	31.7604
11.1701	1	1	0	31.7623
11.1751	1	1	0	31.7642
11.1801	1	1	0	31.766
11.1851	1	1	0	31.7679
11.1861	1	1	0	31.7683
11.1901	1	1	0	31.7698
11.1951	1	1	0	31.7717
11.2001	1	1	0	31.7735
11.2051	1	1	0	31.7754
11.2101	1	1	0	31.7773
11.2151	1	1	0	31.7792
11.2201	1	1	0	31.7811
11.2251	1	1	0	31.7829
11.2301	1	1	0	31.7848
11.2351	1	1	0	31.7867
11.2401	1	1	0	31.7886
11.2451	1	1	0	31.7904
11.2501	1	1	0	31.7923
11.2551	1	1	0	31.7942
11.2601	1	1	0	31.7961
11.2651	1	1	0	31.798
11.2661	1	1	0	31.7983
11.2701	1	1	0	31.7998
11.2751	1	1	0	31.8017
11.2801	1	1	0	31.8036
11.2851	1	1	0	31.8055
11.2901	1	1	0	31.8073
11.2951	1	1	0	31.8092
11.3001	1	1	0	31.8111
11.3051	1	1	0	31.813
11.3101	1	1	0	31.8148
11.3151	1	1	0	31.8167
11.3201	1	1	0	31.8186
11.3251	1	1	0	31.8205
11.3301	1	1	0	31.8224
11.3351	1	1	0	31.8242
11.3401	1	1	0	31.8261
11.3451	1	1	0	31.828
11.3461	1	1	0	31.8284
11.3501	1	1	0	31.8299
11.3551	1	1	0	31.8317
11.3601	1	1	0	31.8336
11.3651	1	1	0	31.8355
11.3701	1	1	0	31.8374
11.3751	1	1	0	31.8393
11.3801	1	1	0	31.8411
11.3851	1	1	0	31.843
11.3901	1	1	0	31.8449
11.3951	1	1	0	31.8468
11.4001	1	1	0	31.8486
11.4051	1	1	0	31.8505
11.4101	1	1	0	31.8524
11.4151	1	1	0	31.8543
11.4201	1	1	0	31.8561
11.4251	1	1	0	31.858
11.4261	1	1	0	31.8584
11.4301	1	1	0	31.8599
11.4351	1	1	0	31.8618
11.4401	1	1	0	31.8636
11.4451	1	1	0	31.8655
11.4501	1	1	0	31.8674
11.4551	1	1	0	31.8693
11.4601	1	1	0	31.8712
11.4651	1	1	0	31.873
11.4701	1	1	0	31.8749
11.4751	1	1	0	31.8768
11.4801	1	1	0	31.8787
11.4851	1	1	0	31.8805
11.4901	1	1	0	31.8824
11.4951	1	1	0	31.8843
11.5001	1	1	0	31.8862
11.5051	1	1	0	31.888
11.5061	1	1	0	31.8884
11.5101	1	1	0	31.8899
11.5151	1	1	0	31.8918
11.5201	1	1	0	31.8937
11.5251	1	1	0	31.8955
11.5301	1	1	0	31.8974
11.5351	1	1	0	31.8993
11.5401	1	1	0	31.9012
11.5451	1	1	0	31.903
11.5501	1	1	0	31.9049
11.5551	1	1	0	31.9068
11.5601	1	1	0	31.9087
11.5651	1	1	0	31.9105
11.5701	1	1	0	31.9124
11.5751	1	1	0	31.9143
11.5801	1	1	0	31.9162
11.5851	1	1	0	31.9181
11.5861	1	1	0	31.9184
11.5901	1	1	0	31.9199
11.5951	1	1	0	31.9218
11.6001	1	1	0	31.9237
11.6051	1	1	0	31.9256
11.6101	1	1	0	31.9274
11.6151	1	1	0	31.9293
11.6201	1	1	0	31.9312
11.6251	1	1	0	31.9331
11.6301	1	1	0	31.9349
11.6351	1	1	0	31.9368
11.6401	1	1	0	31.9387
11.6451	1	1	0	31.9406
11.6501	1	1	0	31.9424
11.6551	1	1	0	31.9443
11.6601	1	1	0	31.9462
11.6651	1	1	0	31.9481
11.6661	1	1	0	31.9484
11.6701	1	1	0	31.9499
11.6751	1	1	0	31.9518
11.6801	1	1	0	31.9537
11.6851	1	1	0	31.9556
11.6901	1	1	0	31.9574
11.6951	1	1	0	31.9593
11.7001	1	1	0	31.9612
11.7051	1	1	0	31.9631
11.7101	1	1	0	31.9649
11.7151	1	1	0	31.9668
11.7201	1	1	0	31.9687
11.7251	1	1	0	31.9706
11.7301	1	1	0	31.9724
11.7351	1	1	0	31.9743
11.7401	1	1	0	31.9762
11.7451	1	1	0	31.978
11.7461	1	1	0	31.9784
11.7501	1	1	0	31.9799
11.7551	1	1	0	31.9818
11.7601	1	1	0	31.9837
11.7651	1	1	0	31.9855
11.7701	1	1	0	31.9874
11.7751	1	1	0	31.9893
11.7801	1	1	0	31.9912
11.7851	1	1	0	31.993
11.7901	1	1	0	31.9949
11.7951	1	1	0	31.9968
11.8001	1	1	0	31.9987
11.8051	1	1	0	32.0005
11.8101	1	1	0	32.0024
11.8151	1	1	0	32.0043
11.8201	1	1	0	32.0062
11.8251	1	1	0	32.008
11.8261	1	1	0	32.0084
11.8301	1	1	0	32.0099
11.8351	1	1	0	32.0118
11.8401	1	1	0	32.0137
11.8451	1	1	0	32.0155
11.8501	1	1	0	32.0174
11.8551	1	1	0	32.0193
11.8601	1	1	0	32.0211
11.8651	1	1	0	32.023
11.8701	1	1	0	32.0249
11.8751	1	1	0	32.0268
11.8801	1	1	0	32.0286
11.8851	1	1	0	32.0305
11.8901	1	1	0	32.0324
11.8951	1	1	0	32.0343
11.9001	1	1	0	32.0361
11.9051	1	1	0	32.038
11.9061	1	1	0	32.0384
11.9101	1	1	0	32.0399
11.9151	1	1	0	32.0417
11.9201	1	1	0	32.0436
11.9251	1	1	0	32.0455
11.9301	1	1	0	32.0474
11.9351	1	1	0	32.0492
11.9401	1	1	0	32.0511
11.9451	1	1	0	32.053
11.9501	1	1	0	32.0549
11.9551	1	1	0	32.0567
11.9601	1	1	0	32.0586
11.9651	1	1	0	32.0605
11.9701	1	1	0	32.0623
11.9751	1	1	0	32.0642
11.9801	1	1	0	32.0661
11.9851	1	1	0	32.068
11.9861	1	1	0	32.0683
11.9901	1	1	0	32.0698
11.9951	1	1	0	32.0717
12.0001	1	1	0	32.0736
12.0051	1	1	0	32.0755
12.0101	1	1	0	32.0773
12.0151	1	1	0	32.0792
12.0201	1	1	0	32.0811
12.0251	1	1	0	32.0829
12.0301	1	1	0	32.0848
12.0351	1	1	0	32.0867
12.0401	1	1	0	32.0886
12.0451	1	1	0	32.0904
12.0501	1	1	0	32.0923
12.0551	1	1	0	32.0942
12.0601	1	1	0	32.096
12.0651	1	1	0	32.0979
12.0661	1	1	0	32.0983
12.0701	1	1	0	32.0998
12.0751	1	1	0	32.1017
12.0801	1	1	0	32.1035
12.0851	1	1	0	32.1054
12.0901	1	1	0	32.1073
12.0951	1	1	0	32.1091
12.1001	1	1	0	32.111
12.1051	1	1	0	32.1129
12.1101	1	1	0	32.1148
12.1151	1	1	0	32.1166
12.1201	1	1	0	32.1185
12.1251	1	1	0	32.1204
12.1301	1	1	0	32.1222
12.1351	1	1	0	32.1241
12.1401	1	1	0	32.126
12.1451	1	1	0	32.1279
12.1461	1	1	0	32.1282
12.1501	1	1	0	32.1297
12.1551	1	1	0	32.1316
12.1601	1	1	0	32.1335
12.1651	1	1	0	32.1353
12.1701	1	1	0	32.1372
12.1751	1	1	0	32.1391
12.1801	1	1	0	32.1409
12.1851	1	1	0	32.1428
12.1901	1	1	0	32.1447
12.1951	1	1	0	32.1466
12.2001	1	1	0	32.1484
12.2051	1	1	0	32.1503
12.2101	1	1	0	32.1522
12.2151	1	1	0	32.154
12.2201	1	1	0	32.1559
12.2251	1	1	0	32.1578
12.2261	1	1	0	32.1582
12.2301	1	1	0	32.1596
12.2351	1	1	0	32.1615
12.2401	1	1	0	32.1634
12.2451	1	1	0	32.1653
12.2501	1	1	0	32.1671
12.2551	1	1	0	32.169
12.2601	1	1	0	32.1709
12.2651	1	1	0	32.1727
12.2701	1	1	0	32.1746
12.2751	1	1	0	32.1765
12.2801	1	1	0	32.1783
12.2851	1	1	0	32.1802
12.2901	1	1	0	32.1821
12.2951	1	1	0	32.184
12.3001	1	1	0	32.1858
12.3051	1	1	0	32.1877
12.3061	1	1	0	32.1881
12.3101	1	1	0	32.1896
12.3151	1	1	0	32.1914
12.3201	1	1	0	32.1933
12.3251	1	1	0	32.1952
12.3301	1	1	0	32.197
12.3351	1	1	0	32.1989
12.3401	1	1	0	32.2008
12.3451	1	1	0	32.2026
12.3501	1	1	0	32.2045
12.3551	1	1	0	32.2064
12.3601	1	1	0	32.2082
12.3651	1	1	0	32.2101
12.3701	1	1	0	32.212
12.3751	1	1	0	32.2139
12.3801	1	1	0	32.2157
12.3851	1	1	0	32.2176
12.3861	1	1	0	32.218
12.3901	1	1	0	32.2195
12.3951	1	1	0	32.2213
12.4001	1	1	0	32.2232
12.4051	1	1	0	32.2251
12.4101	1	1	0	32.2269
12.4151	1	1	0	32.2288
12.4201	1	1	0	32.2307
12.4251	1	1	0	32.2325
12.4301	1	1	0	32.2344
12.4351	1	1	0	32.2363
12.4401	1	1	0	32.2381
12.4451	1	1	0	32.24
12.4501	1	1	0	32.2419
12.4551	1	1	0	32.2437
12.4601	1	1	0	32.2456
12.4651	1	1	0	32.2475
12.4661	1	1	0	32.2478
12.4701	1	1	0	32.2493
12.4751	1	1	0	32.2512
12.4801	1	1	0	32.2531
12.4851	1	1	0	32.2549
12.4901	1	1	0	32.2568
12.4951	1	1	0	32.2587
12.5001	1	1	0	32.2605
12.5051	1	1	0	32.2624
12.5101	1	1	0	32.2643
12.5151	1	1	0	32.2661
12.5201	1	1	0	32.268
12.5251	1	1	0	32.2699
12.5301	1	1	0	32.2717
12.5311	1	1	0	32.2721
12.5351	1	1	0	32.2736
12.5361	1	1	0	32.274
12.5401	1	1	0	32.2755
12.5411	1	1	0	32.2758
12.5451	1	1	0	32.2773
12.5461	1	1	0	32.2777
12.5501	1	1	0	32.2792
12.5551	1	1	0	32.2811
12.5571	1	1	0	32.2818
12.5601	1	1	0	32.2829
12.5621	1	1	0	32.2837
12.5651	1	1	0	32.2848
12.5681	1	1	0	32.2859
12.5691	1	1	0	32.2863
12.5701	1	1	0	32.2867
12.5741	1	1	0	32.2882
12.5751	1	1	0	32.2885
12.5801	1	1	0	32.2904
12.5851	1	1	0	32.2923
12.5901	1	1	0	32.2941
12.5951	1	1	0	32.296
12.6001	1	1	0	32.2979
12.6051	1	1	0	32.2997
12.6101	1	1	0	32.3016
12.6151	1	1	0	32.3035
12.6201	1	1	0	32.3053
12.6251	1	1	0	32.3072
12.6261	1	1	0	32.3076
12.6301	1	1	0	32.3091
12.6351	1	1	0	32.3109
12.6401	1	1	0	32.3128
12.6451	1	1	0	32.3147
12.6501	1	1	0	32.3165
12.6551	1	1	0	32.3184
12.6601	1	1	0	32.3203
12.6651	1	1	0	32.3221
12.6701	1	1	0	32.324
12.6751	1	1	0	32.3258
12.6801	1	1	0	32.3277
12.6851	1	1	0	32.3296
12.6901	1	1	0	32.3314
12.6951	1	1	0	32.3333
12.7001	1	1	0	32.3352
12.7051	1	1	0	32.337
12.7061	1	1	0	32.3374
12.7101	1	1	0	32.3389
12.7151	1	1	0	32.3408
12.7201	1	1	0	32.3426
12.7251	1	1	0	32.3445
12.7301	1	1	0	32.3464
12.7351	1	1	0	32.3482
12.7401	1	1	0	32.3501
12.7451	1	1	0	32.352
12.7501	1	1	0	32.3538
12.7551	1	1	0	32.3557
12.7601	1	1	0	32.3575
12.7651	1	1	0	32.3594
12.7701	1	1	0	32.3613
12.7751	1	1	0	32.3631
12.7801	1	1	0	32.365
12.7851	1	1	0	32.3669
12.7861	1	1	0	32.3672
12.7901	1	1	0	32.3687
12.7951	1	1	0	32.3706
12.8001	1	1	0	32.3725
12.8051	1	1	0	32.3743
12.8101	1	1	0	32.3762
12.8151	1	1	0	32.378
12.8201	1	1	0	32.3799
12.8251	1	1	0	32.3818
12.8301	1	1	0	32.3836
12.8351	1	1	0	32.3855
12.8401	1	1	0	32.3874
12.8451	1	1	0	32.3892
12.8501	1	1	0	32.3911
12.8551	1	1	0	32.3929
12.8601	1	1	0	32.3948
12.8651	1	1	0	32.3967
12.8661	1	1	0	32.397
12.8701	1	1	0	32.3985
12.8751	1	1	0	32.4004
12.8801	1	1	0	32.4023
12.8851	1	1	0	32.4041
12.8901	1	1	0	32.406
12.8951	1	1	0	32.4078
12.9001	1	1	0	32.4097
12.9051	1	1	0	32.4116
12.9101	1	1	0	32.4134
12.9151	1	1	0	32.4153
12.9201	1	1	0	32.4172
12.9251	1	1	0	32.419
12.9301	1	1	0	32.4209
12.9351	1	1	0	32.4227
12.9401	1	1	0	32.4246
12.9451	1	1	0	32.4265
12.9461	1	1	0	32.4268
12.9501	1	1	0	32.4283
12.9551	1	1	0	32.4302
12.9601	1	1	0	32.432
12.9651	1	1	0	32.4339
12.9701	1	1	0	32.4358
12.9751	1	1	0	32.4376
12.9801	1	1	0	32.4395
12.9851	1	1	0	32.4413
12.9901	1	1	0	32.4432
12.9951	1	1	0	32.4451
13.0001	1	1	0	32.4469
13.0051	1	1	0	32.4488
13.0101	1	1	0	32.4507
13.0151	1	1	0	32.4525
13.0201	1	1	0	32.4544
13.0251	1	1	0	32.4562
13.0261	1	1	0	32.4566
13.0301	1	1	0	32.4581
13.0351	1	1	0	32.46
13.0401	1	1	0	32.4618
13.0451	1	1	0	32.4637
13.0501	1	1	0	32.4655
13.0551	1	1	0	32.4674
13.0601	1	1	0	32.4693
13.0651	1	1	0	32.4711
13.0701	1	1	0	32.473
13.0751	1	1	0	32.4748
13.0801	1	1	0	32.4767
13.0851	1	1	0	32.4786
13.0901	1	1	0	32.4804
13.0951	1	1	0	32.4823
13.1001	1	1	0	32.4841
13.1051	1	1	0	32.486
13.1061	1	1	0	32.4864
13.1101	1	1	0	32.4878
13.1151	1	1	0	32.4897
13.1201	1	1	0	32.4916
13.1251	1	1	0	32.4934
13.1301	1	1	0	32.4953
13.1351	1	1	0	32.4971
13.1401	1	1	0	32.499
13.1451	1	1	0	32.5009
13.1501	1	1	0	32.5027
13.1551	1	1	0	32.5046
13.1601	1	1	0	32.5064
13.1651	1	1	0	32.5083
13.1701	1	1	0	32.5102
13.1751	1	1	0	32.512
13.1801	1	1	0	32.5139
13.1851	1	1	0	32.5157
13.1861	1	1	0	32.5161
13.1901	1	1	0	32.5176
13.1951	1	1	0	32.5194
13.2001	1	1	0	32.5213
13.2051	1	1	0	32.5232
13.2101	1	1	0	32.525
13.2151	1	1	0	32.5269
13.2201	1	1	0	32.5287
13.2251	1	1	0	32.5306
13.2301	1	1	0	32.5324
13.2351	1	1	0	32.5343
13.2401	1	1	0	32.5362
13.2451	1	1	0	32.538
13.2501	1	1	0	32.5399
13.2551	1	1	0	32.5417
13.2601	1	1	0	32.5436
13.2651	1	1	0	32.5454
13.2661	1	1	0	32.5458
13.2701	1	1	0	32.5473
13.2751	1	1	0	32.5492
13.2801	1	1	0	32.551
13.2851	1	1	0	32.5529
13.2901	1	1	0	32.5547
13.2951	1	1	0	32.5566
13.3001	1	1	0	32.5584
13.3051	1	1	0	32.5603
13.3101	1	1	0	32.5621
13.3151	1	1	0	32.564
13.3201	1	1	0	32.5659
13.3251	1	1	0	32.5677
13.3301	1	1	0	32.5696
13.3351	1	1	0	32.5714
13.3401	1	1	0	32.5733
13.3451	1	1	0	32.5751
13.3461	1	1	0	32.5755
13.3501	1	1	0	32.577
13.3551	1	1	0	32.5789
13.3601	1	1	0	32.5807
13.3651	1	1	0	32.5826
13.3701	1	1	0	32.5844
13.3751	1	1	0	32.5863
13.3801	1	1	0	32.5881
13.3851	1	1	0	32.59
13.3901	1	1	0	32.5918
13.3951	1	1	0	32.5937
13.4001	1	1	0	32.5955
13.4051	1	1	0	32.5974
13.4101	1	1	0	32.5993
13.4151	1	1	0	32.6011
13.4201	1	1	0	32.603
13.4251	1	1	0	32.6048
13.4261	1	1	0	32.6052
13.4301	1	1	0	32.6067
13.4351	1	1	0	32.6085
13.4401	1	1	0	32.6104
13.4451	1	1	0	32.6122
13.4501	1	1	0	32.6141
13.4551	1	1	0	32.6159
13.4601	1	1	0	32.6178
13.4651	1	1	0	32.6196
13.4701	1	1	0	32.6215
13.4751	1	1	0	32.6234
13.4801	1	1	0	32.6252
13.4851	1	1	0	32.6271
13.4901	1	1	0	32.6289
13.4951	1	1	0	32.6308
13.5001	1	1	0	32.6326
13.5051	1	1	0	32.6345
13.5061	1	1	0	32.6348
13.5101	1	1	0	32.6363
13.5151	1	1	0	32.6382
13.5201	1	1	0	32.64
13.5251	1	1	0	32.6419
13.5301	1	1	0	32.6437
13.5351	1	1	0	32.6456
13.5401	1	1	0	32.6474
13.5451	1	1	0	32.6493
13.5501	1	1	0	32.6511
13.5551	1	1	0	32.653
13.5601	1	1	0	32.6549
13.5651	1	1	0	32.6567
13.5701	1	1	0	32.6586
13.5751	1	1	0	32.6604
13.5801	1	1	0	32.6623
13.5851	1	1	0	32.6641
13.5861	1	1	0	32.6645
13.5901	1	1	0	32.666
13.5951	1	1	0	32.6678
13.6001	1	1	0	32.6697
13.6051	1	1	0	32.6715
13.6101	1	1	0	32.6734
13.6151	1	1	0	32.6752
13.6201	1	1	0	32.6771
13.6251	1	1	0	32.6789
13.6301	1	1	0	32.6808
13.6351	1	1	0	32.6826
13.6401	1	1	0	32.6845
13.6451	1	1	0	32.6863
13.6501	1	1	0	32.6882
13.6551	1	1	0	32.69
13.6601	1	1	0	32.6919
13.6651	1	1	0	32.6937
13.6661	1	1	0	32.6941
13.6701	1	1	0	32.6956
13.6751	1	1	0	32.6974
13.6801	1	1	0	32.6993
13.6851	1	1	0	32.7011
13.6901	1	1	0	32.703
13.6951	1	1	0	32.7048
13.7001	1	1	0	32.7067
13.7051	1	1	0	32.7085
13.7101	1	1	0	32.7104
13.7151	1	1	0	32.7122
13.7201	1	1	0	32.7141
13.7251	1	1	0	32.7159
13.7301	1	1	0	32.7178
13.7351	1	1	0	32.7196
13.7401	1	1	0	32.7215
13.7451	1	1	0	32.7233
13.7461	1	1	0	32.7237
13.7501	1	1	0	32.7252
13.7551	1	1	0	32.727
13.7601	1	1	0	32.7289
13.7651	1	1	0	32.7307
13.7701	1	1	0	32.7326
13.7751	1	1	0	32.7344
13.7801	1	1	0	32.7363
13.7851	1	1	0	32.7381
13.7901	1	1	0	32.7399
13.7951	1	1	0	32.7418
13.8001	1	1	0	32.7436
13.8051	1	1	0	32.7455
13.8101	1	1	0	32.7473
13.8151	1	1	0	32.7492
13.8201	1	1	0	32.751
13.8251	1	1	0	32.7529
13.8261	1	1	0	32.7533
13.8301	1	1	0	32.7547
13.8351	1	1	0	32.7566
13.8401	1	1	0	32.7584
13.8451	1	1	0	32.7603
13.8501	1	1	0	32.7621
13.8551	1	1	0	32.764
13.8601	1	1	0	32.7658
13.8651	1	1	0	32.7677
13.8701	1	1	0	32.7695
13.8751	1	1	0	32.7714
13.8801	1	1	0	32.7732
13.8851	1	1	0	32.775
13.8901	1	1	0	32.7769
13.8951	1	1	0	32.7787
13.9001	1	1	0	32.7806
13.9051	1	1	0	32.7824
13.9061	1	1	0	32.7828
13.9101	1	1	0	32.7843
13.9151	1	1	0	32.7861
13.9201	1	1	0	32.788
13.9251	1	1	0	32.7898
13.9301	1	1	0	32.7917
13.9351	1	1	0	32.7935
13.9401	1	1	0	32.7953
13.9451	1	1	0	32.7972
13.9501	1	1	0	32.799
13.9551	1	1	0	32.8009
13.9601	1	1	0	32.8027
13.9651	1	1	0	32.8046
13.9701	1	1	0	32.8064
13.9751	1	1	0	32.8083
13.9801	1	1	0	32.8101
13.9851	1	1	0	32.8119
13.9861	1	1	0	32.8123
13.9901	1	1	0	32.8138
13.9951	1	1	0	32.8156
14.0001	1	1	0	32.8175
14.0051	1	1	0	32.8193
14.0101	1	1	0	32.8212
14.0151	1	1	0	32.823
14.0201	1	1	0	32.8249
14.0251	1	1	0	32.8267
14.0301	1	1	0	32.8285
14.0351	1	1	0	32.8304
14.0401	1	1	0	32.8322
14.0451	1	1	0	32.8341
14.0501	1	1	0	32.8359
14.0551	1	1	0	32.8378
14.0601	1	1	0	32.8396
14.0651	1	1	0	32.8414
14.0661	1	1	0	32.8418
14.0701	1	1	0	32.8433
14.0751	1	1	0	32.8451
14.0801	1	1	0	32.847
14.0851	1	1	0	32.8488
14.0901	1	1	0	32.8507
14.0951	1	1	0	32.8525
14.1001	1	1	0	32.8543
14.1051	1	1	0	32.8562
14.1101	1	1	0	32.858
14.1151	1	1	0	32.8599
14.1201	1	1	0	32.8617
14.1251	1	1	0	32.8636
14.1301	1	1	0	32.8654
14.1351	1	1	0	32.8672
14.1401	1	1	0	32.8691
14.1451	1	1	0	32.8709
14.1461	1	1	0	32.8713
14.1501	1	1	0	32.8728
14.1551	1	1	0	32.8746
14.1601	1	1	0	32.8764
14.1651	1	1	0	32.8783
14.1701	1	1	0	32.8801
14.1751	1	1	0	32.882
14.1801	1	1	0	32.8838
14.1851	1	1	0	32.8856
14.1901	1	1	0	32.8875
14.1951	1	1	0	32.8893
14.2001	1	1	0	32.8912
14.2051	1	1	0	32.893
14.2101	1	1	0	32.8948
14.2151	1	1	0	32.8967
14.2201	1	1	0	32.8985
14.2251	1	1	0	32.9004
14.2261	1	1	0	32.9007
14.2301	1	1	0	32.9022
14.2351	1	1	0	32.904
14.2401	1	1	0	32.9059
14.2451	1	1	0	32.9077
14.2501	1	1	0	32.9096
14.2551	1	1	0	32.9114
14.2601	1	1	0	32.9132
14.2651	1	1	0	32.9151
14.2701	1	1	0	32.9169
14.2751	1	1	0	32.9188
14.2801	1	1	0	32.9206
14.2851	1	1	0	32.9224
14.2901	1	1	0	32.9243
14.2951	1	1	0	32.9261
14.3001	1	1	0	32.9279
14.3051	1	1	0	32.9298
14.3061	1	1	0	32.9301
14.3101	1	1	0	32.9316
14.3151	1	1	0	32.9335
14.3201	1	1	0	32.9353
14.3251	1	1	0	32.9371
14.3301	1	1	0	32.939
14.3351	1	1	0	32.9408
14.3401	1	1	0	32.9426
14.3451	1	1	0	32.9445
14.3501	1	1	0	32.9463
14.3551	1	1	0	32.9482
14.3601	1	1	0	32.95
14.3651	1	1	0	32.9518
14.3701	1	1	0	32.9537
14.3751	1	1	0	32.9555
14.3801	1	1	0	32.9573
14.3851	1	1	0	32.9592
14.3861	1	1	0	32.9595
14.3901	1	1	0	32.961
14.3951	1	1	0	32.9628
14.4001	1	1	0	32.9647
14.4051	1	1	0	32.9665
14.4101	1	1	0	32.9683
14.4151	1	1	0	32.9702
14.4201	1	1	0	32.972
14.4251	1	1	0	32.9739
14.4301	1	1	0	32.9757
14.4351	1	1	0	32.9775
14.4401	1	1	0	32.9794
14.4451	1	1	0	32.9812
14.4501	1	1	0	32.983
14.4551	1	1	0	32.9849
14.4601	1	1	0	32.9867
14.4651	1	1	0	32.9885
14.4661	1	1	0	32.9889
14.4701	1	1	0	32.9904
14.4751	1	1	0	32.9922
14.4801	1	1	0	32.994
14.4851	1	1	0	32.9959
14.4901	1	1	0	32.9977
14.4951	1	1	0	32.9995
14.5001	1	1	0	33.0014
14.5051	1	1	0	33.0032
14.5101	1	1	0	33.005
14.5111	1	1	0	33.0054
14.5121	1	1	0	33.0058
14.5151	1	1	0	33.0069
14.5171	1	1	0	33.0076
14.5201	1	1	0	33.0087
14.5251	1	1	0	33.0105
14.5301	1	1	0	33.0124
14.5351	1	1	0	33.0142
14.5401	1	1	0	33.016
14.5451	1	1	0	33.0179
14.5461	1	1	0	33.0182
14.5501	1	1	0	33.0197
14.5551	1	1	0	33.0215
14.5601	1	1	0	33.0234
14.5651	1	1	0	33.0252
14.5701	1	1	0	33.027
14.5751	1	1	0	33.0289
14.5801	1	1	0	33.0307
14.5851	1	1	0	33.0325
14.5901	1	1	0	33.0344
14.5951	1	1	0	33.0362
14.6001	1	1	0	33.038
14.6051	1	1	0	33.0399
14.6101	1	1	0	33.0417
14.6151	1	1	0	33.0435
14.6201	1	1	0	33.0453
14.6251	1	1	0	33.0472
14.6261	1	1	0	33.0475
14.6301	1	1	0	33.049
14.6351	1	1	0	33.0508
14.6401	1	1	0	33.0527
14.6451	1	1	0	33.0545
14.6501	1	1	0	33.0563
14.6551	1	1	0	33.0582
14.6601	1	1	0	33.06
14.6651	1	1	0	33.0618
14.6701	1	1	0	33.0636
14.6751	1	1	0	33.0655
14.6801	1	1	0	33.0673
14.6851	1	1	0	33.0691
14.6901	1	1	0	33.071
14.6951	1	1	0	33.0728
14.7001	1	1	0	33.0746
14.7051	1	1	0	33.0765
14.7061	1	1	0	33.0768
14.7101	1	1	0	33.0783
14.7151	1	1	0	33.0801
14.7201	1	1	0	33.0819
14.7251	1	1	0	33.0838
14.7301	1	1	0	33.0856
14.7351	1	1	0	33.0874
14.7401	1	1	0	33.0893
14.7451	1	1	0	33.0911
14.7501	1	1	0	33.0929
14.7551	1	1	0	33.0947
14.7601	1	1	0	33.0966
14.7651	1	1	0	33.0984
14.7701	1	1	0	33.1002
14.7751	1	1	0	33.102
14.7801	1	1	0	33.1039
14.7851	1	1	0	33.1057
14.7861	1	1	0	33.1061
14.7901	1	1	0	33.1075
14.7951	1	1	0	33.1094
14.8001	1	1	0	33.1112
14.8051	1	1	0	33.113
14.8101	1	1	0	33.1148
14.8151	1	1	0	33.1167
14.8201	1	1	0	33.1185
14.8251	1	1	0	33.1203
14.8301	1	1	0	33.1221
14.8351	1	1	0	33.124
14.8401	1	1	0	33.1258
14.8451	1	1	0	33.1276
14.8501	1	1	0	33.1294
14.8551	1	1	0	33.1313
14.8601	1	1	0	33.1331
14.8651	1	1	0	33.1349
14.8661	1	1	0	33.1353
14.8701	1	1	0	33.1367
14.8751	1	1	0	33.1386
14.8801	1	1	0	33.1404
14.8851	1	1	0	33.1422
14.8901	1	1	0	33.144
14.8951	1	1	0	33.1459
14.9001	1	1	0	33.1477
14.9051	1	1	0	33.1495
14.9101	1	1	0	33.1513
14.9151	1	1	0	33.1532
14.9201	1	1	0	33.155
14.9251	1	1	0	33.1568
14.9301	1	1	0	33.1586
14.9351	1	1	0	33.1605
14.9401	1	1	0	33.1623
14.9451	1	1	0	33.1641
14.9461	1	1	0	33.1645
14.9501	1	1	0	33.1659
14.9551	1	1	0	33.1677
14.9601	1	1	0	33.1696
14.9651	1	1	0	33.1714
14.9701	1	1	0	33.1732
14.9751	1	1	0	33.175
14.9801	1	1	0	33.1769
14.9851	1	1	0	33.1787
14.9901	1	1	0	33.1805
14.9951	1	1	0	33.1823
15.0001	1	1	0	33.1841
15.0051	1	1	0	33.186
15.0101	1	1	0	33.1878
15.0151	1	1	0	33.1896
15.0201	1	1	0	33.1914
15.0251	1	1	0	33.1933
15.0261	1	1	0	33.1936
15.0301	1	1	0	33.1951
15.0351	1	1	0	33.1969
15.0401	1	1	0	33.1987
15.0451	1	1	0	33.2005
15.0501	1	1	0	33.2024
15.0551	1	1	0	33.2042
15.0601	1	1	0	33.206
15.0651	1	1	0	33.2078
15.0701	1	1	0	33.2096
15.0751	1	1	0	33.2115
15.0801	1	1	0	33.2133
15.0851	1	1	0	33.2151
15.0901	1	1	0	33.2169
15.0951	1	1	0	33.2187
15.1001	1	1	0	33.2206
15.1051	1	1	0	33.2224
15.1061	1	1	0	33.2227
15.1101	1	1	0	33.2242
15.1151	1	1	0	33.226
15.1201	1	1	0	33.2278
15.1251	1	1	0	33.2296
15.1301	1	1	0	33.2315
15.1351	1	1	0	33.2333
15.1401	1	1	0	33.2351
15.1451	1	1	0	33.2369
15.1501	1	1	0	33.2387
15.1551	1	1	0	33.2406
15.1601	1	1	0	33.2424
15.1651	1	1	0	33.2442
15.1701	1	1	0	33.246
15.1751	1	1	0	33.2478
15.1801	1	1	0	33.2496
15.1851	1	1	0	33.2515
15.1861	1	1	0	33.2518
15.1901	1	1	0	33.2533
15.1951	1	1	0	33.2551
15.2001	1	1	0	33.2569
15.2051	1	1	0	33.2587
15.2101	1	1	0	33.2605
15.2151	1	1	0	33.2624
15.2201	1	1	0	33.2642
15.2251	1	1	0	33.266
15.2301	1	1	0	33.2678
15.2351	1	1	0	33.2696
15.2401	1	1	0	33.2714
15.2451	1	1	0	33.2733
15.2501	1	1	0	33.2751
15.2551	1	1	0	33.2769
15.2601	1	1	0	33.2787
15.2651	1	1	0	33.2805
15.2661	1	1	0	33.2809
15.2701	1	1	0	33.2823
15.2751	1	1	0	33.2841
15.2801	1	1	0	33.286
15.2851	1	1	0	33.2878
15.2901	1	1	0	33.2896
15.2951	1	1	0	33.2914
15.3001	1	1	0	33.2932
15.3051	1	1	0	33.295
15.3101	1	1	0	33.2968
15.3151	1	1	0	33.2987
15.3201	1	1	0	33.3005
15.3251	1	1	0	33.3023
15.3301	1	1	0	33.3041
15.3351	1	1	0	33.3059
15.3401	1	1	0	33.3077
15.3451	1	1	0	33.3095
15.3461	1	1	0	33.3099
15.3501	1	1	0	33.3113
15.3551	1	1	0	33.3132
15.3601	1	1	0	33.315
15.3651	1	1	0	33.3168
15.3701	1	1	0	33.3186
15.3751	1	1	0	33.3204
15.3801	1	1	0	33.3222
15.3851	1	1	0	33.324
15.3901	1	1	0	33.3258
15.3951	1	1	0	33.3276
15.4001	1	1	0	33.3295
15.4051	1	1	0	33.3313
15.4101	1	1	0	33.3331
15.4151	1	1	0	33.3349
15.4201	1	1	0	33.3367
15.4251	1	1	0	33.3385
15.4261	1	1	0	33.3389
15.4301	1	1	0	33.3403
15.4351	1	1	0	33.3421
15.4401	1	1	0	33.3439
15.4451	1	1	0	33.3458
15.4501	1	1	0	33.3476
15.4551	1	1	0	33.3494
15.4601	1	1	0	33.3512
15.4651	1	1	0	33.353
15.4701	1	1	0	33.3548
15.4751	1	1	0	33.3566
15.4801	1	1	0	33.3584
15.4851	1	1	0	33.3602
15.4901	1	1	0	33.362
15.4951	1	1	0	33.3638
15.5001	1	1	0	33.3657
15.5051	1	1	0	33.3675
15.5061	1	1	0	33.3678
15.5101	1	1	0	33.3693
15.5151	1	1	0	33.3711
15.5201	1	1	0	33.3729
15.5251	1	1	0	33.3747
15.5301	1	1	0	33.3765
15.5351	1	1	0	33.3783
15.5401	1	1	0	33.3801
15.5451	1	1	0	33.3819
15.5501	1	1	0	33.3837
15.5551	1	1	0	33.3855
15.5601	1	1	0	33.3873
15.5651	1	1	0	33.3891
15.5701	1	1	0	33.391
15.5751	1	1	0	33.3928
15.5801	1	1	0	33.3946
15.5851	1	1	0	33.3964
15.5861	1	1	0	33.3967
15.5901	1	1	0	33.3982
15.5951	1	1	0	33.4
15.6001	1	1	0	33.4018
15.6051	1	1	0	33.4036
15.6101	1	1	0	33.4054
15.6151	1	1	0	33.4072
15.6201	1	1	0	33.409
15.6251	1	1	0	33.4108
15.6301	1	1	0	33.4126
15.6351	1	1	0	33.4144
15.6401	1	1	0	33.4162
15.6451	1	1	0	33.418
15.6501	1	1	0	33.4198
15.6551	1	1	0	33.4216
15.6601	1	1	0	33.4234
15.6651	1	1	0	33.4252
15.6661	1	1	0	33.4256
15.6701	1	1	0	33.427
15.6751	1	1	0	33.4288
15.6801	1	1	0	33.4306
15.6851	1	1	0	33.4325
15.6901	1	1	0	33.4343
15.6951	1	1	0	33.4361
15.7001	1	1	0	33.4379
15.7051	1	1	0	33.4397
15.7101	1	1	0	33.4415
15.7151	1	1	0	33.4433
15.7201	1	1	0	33.4451
15.7251	1	1	0	33.4469
15.7301	1	1	0	33.4487
15.7351	1	1	0	33.4505
15.7401	1	1	0	33.4523
15.7451	1	1	0	33.4541
15.7461	1	1	0	33.4544
15.7501	1	1	0	33.4559
15.7551	1	1	0	33.4577
15.7601	1	1	0	33.4595
15.7651	1	1	0	33.4613
15.7701	1	1	0	33.4631
15.7751	1	1	0	33.4649
15.7801	1	1	0	33.4667
15.7851	1	1	0	33.4685
15.7901	1	1	0	33.4703
15.7951	1	1	0	33.4721
15.8001	1	1	0	33.4739
15.8051	1	1	0	33.4757
15.8101	1	1	0	33.4775
15.8151	1	1	0	33.4793
15.8201	1	1	0	33.4811
15.8251	1	1	0	33.4829
15.8261	1	1	0	33.4832
15.8301	1	1	0	33.4847
15.8351	1	1	0	33.4865
15.8401	1	1	0	33.4883
15.8451	1	1	0	33.4901
15.8501	1	1	0	33.4919
15.8551	1	1	0	33.4937
15.8601	1	1	0	33.4955
15.8651	1	1	0	33.4973
15.8701	1	1	0	33.499
15.8751	1	1	0	33.5008
15.8801	1	1	0	33.5026
15.8851	1	1	0	33.5044
15.8901	1	1	0	33.5062
15.8951	1	1	0	33.508
15.9001	1	1	0	33.5098
15.9051	1	1	0	33.5116
15.9061	1	1	0	33.512
15.9101	1	1	0	33.5134
15.9151	1	1	0	33.5152
15.9201	1	1	0	33.517
15.9251	1	1	0	33.5188
15.9301	1	1	0	33.5206
15.9351	1	1	0	33.5224
15.9401	1	1	0	33.5242
15.9451	1	1	0	33.526
15.9501	1	1	0	33.5278
15.9551	1	1	0	33.5296
15.9601	1	1	0	33.5314
15.9651	1	1	0	33.5332
15.9701	1	1	0	33.535
15.9751	1	1	0	33.5368
15.9801	1	1	0	33.5385
15.9851	1	1	0	33.5403
15.9861	1	1	0	33.5407
15.9901	1	1	0	33.5421
15.9951	1	1	0	33.5439
16.0001	1	1	0	33.5457
16.0051	1	1	0	33.5475
16.0101	1	1	0	33.5493
16.0151	1	1	0	33.5511
16.0201	1	1	0	33.5529
16.0251	1	1	0	33.5547
16.0301	1	1	0	33.5565
16.0351	1	1	0	33.5583
16.0401	1	1	0	33.5601
16.0451	1	1	0	33.5619
16.0501	1	1	0	33.5636
16.0551	1	1	0	33.5654
16.0601	1	1	0	33.5672
16.0651	1	1	0	33.569
16.0661	1	1	0	33.5694
16.0701	1	1	0	33.5708
16.0751	1	1	0	33.5726
16.0801	1	1	0	33.5744
16.0851	1	1	0	33.5762
16.0901	1	1	0	33.578
16.0951	1	1	0	33.5798
16.1001	1	1	0	33.5815
16.1051	1	1	0	33.5833
16.1101	1	1	0	33.5851
16.1151	1	1	0	33.5869
16.1201	1	1	0	33.5887
16.1251	1	1	0	33.5905
16.1301	1	1	0	33.5923
16.1351	1	1	0	33.5941
16.1401	1	1	0	33.5959
16.1451	1	1	0	33.5976
16.1461	1	1	0	33.598
16.1501	1	1	0	33.5994
16.1551	1	1	0	33.6012
16.1601	1	1	0	33.603
16.1651	1	1	0	33.6048
16.1701	1	1	0	33.6066
16.1751	1	1	0	33.6084
16.1801	1	1	0	33.6102
16.1851	1	1	0	33.612
16.1901	1	1	0	33.6137
16.1951	1	1	0	33.6155
16.2001	1	1	0	33.6173
16.2051	1	1	0	33.6191
16.2101	1	1	0	33.6209
16.2151	1	1	0	33.6227
16.2201	1	1	0	33.6245
16.2251	1	1	0	33.6262
16.2261	1	1	0	33.6266
16.2301	1	1	0	33.628
16.2351	1	1	0	33.6298
16.2401	1	1	0	33.6316
16.2451	1	1	0	33.6334
16.2501	1	1	0	33.6352
16.2551	1	1	0	33.637
16.2601	1	1	0	33.6387
16.2651	1	1	0	33.6405
16.2701	1	1	0	33.6423
16.2751	1	1	0	33.6441
16.2801	1	1	0	33.6459
16.2851	1	1	0	33.6477
16.2901	1	1	0	33.6494
16.2951	1	1	0	33.6512
16.3001	1	1	0	33.653
16.3051	1	1	0	33.6548
16.3061	1	1	0	33.6551
16.3101	1	1	0	33.6566
16.3151	1	1	0	33.6584
16.3201	1	1	0	33.6601
16.3251	1	1	0	33.6619
16.3301	1	1	0	33.6637
16.3351	1	1	0	33.6655
16.3401	1	1	0	33.6673
16.3451	1	1	0	33.669
16.3501	1	1	0	33.6708
16.3551	1	1	0	33.6726
16.3601	1	1	0	33.6744
16.3651	1	1	0	33.6762
16.3701	1	1	0	33.678
16.3751	1	1	0	33.6797
16.3801	1	1	0	33.6815
16.3851	1	1	0	33.6833
16.3861	1	1	0	33.6836
16.3901	1	1	0	33.6851
16.3951	1	1	0	33.6869
16.4001	1	1	0	33.6886
16.4051	1	1	0	33.6904
16.4101	1	1	0	33.6922
16.4151	1	1	0	33.694
16.4201	1	1	0	33.6957
16.4251	1	1	0	33.6975
16.4301	1	1	0	33.6993
16.4351	1	1	0	33.7011
16.4401	1	1	0	33.7029
16.4451	1	1	0	33.7046
16.4501	1	1	0	33.7064
16.4551	1	1	0	33.7082
16.4601	1	1	0	33.71
16.4651	1	1	0	33.7118
16.4661	1	1	0	33.7121
16.4701	1	1	0	33.7135
16.4751	1	1	0	33.7153
16.4801	1	1	0	33.7171
16.4851	1	1	0	33.7189
16.4901	1	1	0	33.7206
16.4951	1	1	0	33.7224
16.5001	1	1	0	33.7242
16.5051	1	1	0	33.726
16.5101	1	1	0	33.7277
16.5111	1	1	0	33.7281
16.5151	1	1	0	33.7295
16.5201	1	1	0	33.7313
16.5251	1	1	0	33.7331
16.5301	1	1	0	33.7348
16.5351	1	1	0	33.7366
16.5401	1	1	0	33.7384
16.5451	1	1	0	33.7402
16.5461	1	1	0	33.7405
16.5501	1	1	0	33.7419
16.5551	1	1	0	33.7437
16.5601	1	1	0	33.7455
16.5651	1	1	0	33.7473
16.5701	1	1	0	33.749
16.5751	1	1	0	33.7508
16.5801	1	1	0	33.7526
16.5851	1	1	0	33.7544
16.5901	1	1	0	33.7561
16.5951	1	1	0	33.7579
16.6001	1	1	0	33.7597
16.6051	1	1	0	33.7614
16.6101	1	1	0	33.7632
16.6151	1	1	0	33.765
16.6201	1	1	0	33.7668
16.6251	1	1	0	33.7685
16.6261	1	1	0	33.7689
16.6301	1	1	0	33.7703
16.6351	1	1	0	33.7721
16.6401	1	1	0	33.7739
16.6451	1	1	0	33.7756
16.6501	1	1	0	33.7774
16.6551	1	1	0	33.7792
16.6601	1	1	0	33.7809
16.6651	1	1	0	33.7827
16.6701	1	1	0	33.7845
16.6751	1	1	0	33.7862
16.6801	1	1	0	33.788
16.6851	1	1	0	33.7898
16.6901	1	1	0	33.7916
16.6951	1	1	0	33.7933
16.7001	1	1	0	33.7951
16.7051	1	1	0	33.7969
16.7061	1	1	0	33.7972
16.7101	1	1	0	33.7986
16.7151	1	1	0	33.8004
16.7201	1	1	0	33.8022
16.7251	1	1	0	33.8039
16.7301	1	1	0	33.8057
16.7351	1	1	0	33.8075
16.7401	1	1	0	33.8092
16.7451	1	1	0	33.811
16.7501	1	1	0	33.8128
16.7551	1	1	0	33.8145
16.7601	1	1	0	33.8163
16.7651	1	1	0	33.8181
16.7701	1	1	0	33.8198
16.7751	1	1	0	33.8216
16.7801	1	1	0	33.8234
16.7851	1	1	0	33.8251
16.7861	1	1	0	33.8255
16.7901	1	1	0	33.8269
16.7951	1	1	0	33.8287
16.8001	1	1	0	33.8304
16.8051	1	1	0	33.8322
16.8101	1	1	0	33.834
16.8151	1	1	0	33.8357
16.8201	1	1	0	33.8375
16.8251	1	1	0	33.8393
16.8301	1	1	0	33.841
16.8351	1	1	0	33.8428
16.8401	1	1	0	33.8445
16.8451	1	1	0	33.8463
16.8501	1	1	0	33.8481
16.8551	1	1	0	33.8498
16.8601	1	1	0	33.8516
16.8651	1	1	0	33.8534
16.8661	1	1	0	33.8537
16.8701	1	1	0	33.8551
16.8751	1	1	0	33.8569
16.8801	1	1	0	33.8586
16.8851	1	1	0	33.8604
16.8901	1	1	0	33.8622
16.8951	1	1	0	33.8639
16.9001	1	1	0	33.8657
16.9051	1	1	0	33.8675
16.9101	1	1	0	33.8692
16.9151	1	1	0	33.871
16.9201	1	1	0	33.8727
16.9251	1	1	0	33.8745
16.9301	1	1	0	33.8763
16.9351	1	1	0	33.878
16.9401	1	1	0	33.8798
16.9451	1	1	0	33.8815
16.9461	1	1	0	33.8819
16.9501	1	1	0	33.8833
16.9551	1	1	0	33.8851
16.9601	1	1	0	33.8868
16.9651	1	1	0	33.8886
16.9701	1	1	0	33.8903
16.9751	1	1	0	33.8921
16.9801	1	1	0	33.8938
16.9851	1	1	0	33.8956
16.9901	1	1	0	33.8974
16.9951	1	1	0	33.8991
17.0001	1	1	0	33.9009
17.0051	1	1	0	33.9026
17.0101	1	1	0	33.9044
17.0151	1	1	0	33.9062
17.0201	1	1	0	33.9079
17.0251	1	1	0	33.9097
17.0261	1	1	0	33.91
17.0301	1	1	0	33.9114
17.0351	1	1	0	33.9132
17.0401	1	1	0	33.9149
17.0451	1	1	0	33.9167
17.0501	1	1	0	33.9184
17.0551	1	1	0	33.9202
17.0601	1	1	0	33.922
17.0651	1	1	0	33.9237
17.0701	1	1	0	33.9255
17.0751	1	1	0	33.9272
17.0801	1	1	0	33.929
17.0851	1	1	0	33.9307
17.0901	1	1	0	33.9325
17.0951	1	1	0	33.9342
17.1001	1	1	0	33.936
17.1051	1	1	0	33.9377
17.1061	1	1	0	33.9381
17.1101	1	1	0	33.9395
17.1151	1	1	0	33.9412
17.1201	1	1	0	33.943
17.1251	1	1	0	33.9448
17.1301	1	1	0	33.9465
17.1351	1	1	0	33.9483
17.1401	1	1	0	33.95
17.1451	1	1	0	33.9518
17.1501	1	1	0	33.9535
17.1551	1	1	0	33.9553
17.1601	1	1	0	33.957
17.1651	1	1	0	33.9588
17.1701	1	1	0	33.9605
17.1751	1	1	0	33.9623
17.1801	1	1	0	33.964
17.1851	1	1	0	33.9658
17.1861	1	1	0	33.9661
17.1901	1	1	0	33.9675
17.1951	1	1	0	33.9693
17.2001	1	1	0	33.971
17.2051	1	1	0	33.9728
17.2101	1	1	0	33.9745
17.2151	1	1	0	33.9763
17.2201	1	1	0	33.978
17.2251	1	1	0	33.9798
17.2301	1	1	0	33.9815
17.2351	1	1	0	33.9833
17.2401	1	1	0	33.985
17.2451	1	1	0	33.9868
17.2501	1	1	0	33.9885
17.2551	1	1	0	33.9902
17.2601	1	1	0	33.992
17.2651	1	1	0	33.9937
17.2661	1	1	0	33.9941
17.2701	1	1	0	33.9955
17.2751	1	1	0	33.9972
17.2801	1	1	0	33.999
17.2851	1	1	0	34.0007
17.2901	1	1	0	34.0025
17.2951	1	1	0	34.0042
17.3001	1	1	0	34.006
17.3051	1	1	0	34.0077
17.3101	1	1	0	34.0095
17.3151	1	1	0	34.0112
17.3201	1	1	0	34.0129
17.3251	1	1	0	34.0147
17.3301	1	1	0	34.0164
17.3351	1	1	0	34.0182
17.3401	1	1	0	34.0199
17.3451	1	1	0	34.0217
17.3461	1	1	0	34.022
17.3501	1	1	0	34.0234
17.3551	1	1	0	34.0251
17.3601	1	1	0	34.0269
17.3651	1	1	0	34.0286
17.3701	1	1	0	34.0304
17.3751	1	1	0	34.0321
17.3801	1	1	0	34.0339
17.3851	1	1	0	34.0356
17.3901	1	1	0	34.0373
17.3951	1	1	0	34.0391
17.4001	1	1	0	34.0408
17.4051	1	1	0	34.0426
17.4101	1	1	0	34.0443
17.4151	1	1	0	34.046
17.4201	1	1	0	34.0478
17.4251	1	1	0	34.0495
17.4261	1	1	0	34.0499
17.4301	1	1	0	34.0513
17.4351	1	1	0	34.053
17.4401	1	1	0	34.0547
17.4451	1	1	0	34.0565
17.4501	1	1	0	34.0582
17.4551	1	1	0	34.06
17.4601	1	1	0	34.0617
17.4651	1	1	0	34.0634
17.4701	1	1	0	34.0652
17.4751	1	1	0	34.0669
17.4801	1	1	0	34.0687
17.4851	1	1	0	34.0704
17.4901	1	1	0	34.0721
17.4951	1	1	0	34.0739
17.5001	1	1	0	34.0756
17.5051	1	1	0	34.0773
17.5061	1	1	0	34.0777
17.5101	1	1	0	34.0791
17.5151	1	1	0	34.0808
17.5201	1	1	0	34.0825
17.5251	1	1	0	34.0843
17.5301	1	1	0	34.086
17.5351	1	1	0	34.0878
17.5401	1	1	0	34.0895
17.5451	1	1	0	34.0912
17.5501	1	1	0	34.093
17.5551	1	1	0	34.0947
17.5601	1	1	0	34.0964
17.5651	1	1	0	34.0982
17.5701	1	1	0	34.0999
17.5751	1	1	0	34.1016
17.5801	1	1	0	34.1034
17.5851	1	1	0	34.1051
17.5861	1	1	0	34.1054
17.5901	1	1	0	34.1068
17.5951	1	1	0	34.1086
17.6001	1	1	0	34.1103
17.6051	1	1	0	34.112
17.6101	1	1	0	34.1138
17.6151	1	1	0	34.1155
17.6201	1	1	0	34.1172
17.6251	1	1	0	34.119
17.6301	1	1	0	34.1207
17.6351	1	1	0	34.1224
17.6401	1	1	0	34.1241
17.6451	1	1	0	34.1259
17.6501	1	1	0	34.1276
17.6551	1	1	0	34.1293
17.6601	1	1	0	34.1311
17.6651	1	1	0	34.1328
17.6661	1	1	0	34.1331
17.6701	1	1	0	34.1345
17.6751	1	1	0	34.1363
17.6801	1	1	0	34.138
17.6851	1	1	0	34.1397
17.6901	1	1	0	34.1414
17.6951	1	1	0	34.1432
17.7001	1	1	0	34.1449
17.7051	1	1	0	34.1466
17.7101	1	1	0	34.1484
17.7151	1	1	0	34.1501
17.7201	1	1	0	34.1518
17.7251	1	1	0	34.1535
17.7301	1	1	0	34.1553
17.7351	1	1	0	34.157
17.7401	1	1	0	34.1587
17.7451	1	1	0	34.1604
17.7461	1	1	0	34.1608
17.7501	1	1	0	34.1622
17.7551	1	1	0	34.1639
17.7601	1	1	0	34.1656
17.7651	1	1	0	34.1673
17.7701	1	1	0	34.1691
17.7751	1	1	0	34.1708
17.7801	1	1	0	34.1725
17.7851	1	1	0	34.1742
17.7901	1	1	0	34.176
17.7951	1	1	0	34.1777
17.8001	1	1	0	34.1794
17.8051	1	1	0	34.1811
17.8101	1	1	0	34.1829
17.8151	1	1	0	34.1846
17.8201	1	1	0	34.1863
17.8251	1	1	0	34.188
17.8261	1	1	0	34.1884
17.8301	1	1	0	34.1898
17.8351	1	1	0	34.1915
17.8401	1	1	0	34.1932
17.8451	1	1	0	34.1949
17.8501	1	1	0	34.1966
17.8551	1	1	0	34.1984
17.8601	1	1	0	34.2001
17.8651	1	1	0	34.2018
17.8701	1	1	0	34.2035
17.8751	1	1	0	34.2052
17.8801	1	1	0	34.207
17.8851	1	1	0	34.2087
17.8901	1	1	0	34.2104
17.8951	1	1	0	34.2121
17.9001	1	1	0	34.2138
17.9051	1	1	0	34.2156
17.9061	1	1	0	34.2159
17.9101	1	1	0	34.2173
17.9151	1	1	0	34.219
17.9201	1	1	0	34.2207
17.9251	1	1	0	34.2224
17.9301	1	1	0	34.2241
17.9351	1	1	0	34.2259
17.9401	1	1	0	34.2276
17.9451	1	1	0	34.2293
17.9501	1	1	0	34.231
17.9551	1	1	0	34.2327
17.9601	1	1	0	34.2344
17.9651	1	1	0	34.2362
17.9701	1	1	0	34.2379
17.9751	1	1	0	34.2396
17.9801	1	1	0	34.2413
17.9851	1	1	0	34.243
17.9861	1	1	0	34.2434
17.9901	1	1	0	34.2447
17.9951	1	1	0	34.2465
18.0001	1	1	0	34.2482
18.0051	1	1	0	34.2499
18.0101	1	1	0	34.2516
18.0151	1	1	0	34.2533
18.0201	1	1	0	34.255
18.0251	1	1	0	34.2567
18.0301	1	1	0	34.2585
18.0351	1	1	0	34.2602
18.0401	1	1	0	34.2619
18.0451	1	1	0	34.2636
18.0501	1	1	0	34.2653
18.0551	1	1	0	34.267
18.0601	1	1	0	34.2687
18.0651	1	1	0	34.2704
18.0661	1	1	0	34.2708
18.0701	1	1	0	34.2721
18.0751	1	1	0	34.2739
18.0801	1	1	0	34.2756
18.0851	1	1	0	34.2773
18.0901	1	1	0	34.279
18.0951	1	1	0	34.2807
18.1001	1	1	0	34.2824
18.1051	1	1	0	34.2841
18.1101	1	1	0	34.2858
18.1151	1	1	0	34.2875
18.1201	1	1	0	34.2892
18.1251	1	1	0	34.291
18.1301	1	1	0	34.2927
18.1351	1	1	0	34.2944
18.1401	1	1	0	34.2961
18.1451	1	1	0	34.2978
18.1461	1	1	0	34.2981
18.1501	1	1	0	34.2995
18.1551	1	1	0	34.3012
18.1601	1	1	0	34.3029
18.1651	1	1	0	34.3046
18.1701	1	1	0	34.3063
18.1751	1	1	0	34.308
18.1801	1	1	0	34.3097
18.1851	1	1	0	34.3114
18.1901	1	1	0	34.3131
18.1951	1	1	0	34.3148
18.2001	1	1	0	34.3165
18.2051	1	1	0	34.3183
18.2101	1	1	0	34.32
18.2151	1	1	0	34.3217
18.2201	1	1	0	34.3234
18.2251	1	1	0	34.3251
18.2261	1	1	0	34.3254
18.2301	1	1	0	34.3268
18.2351	1	1	0	34.3285
18.2401	1	1	0	34.3302
18.2451	1	1	0	34.3319
18.2501	1	1	0	34.3336
18.2551	1	1	0	34.3353
18.2601	1	1	0	34.337
18.2651	1	1	0	34.3387
18.2701	1	1	0	34.3404
18.2751	1	1	0	34.3421
18.2801	1	1	0	34.3438
18.2851	1	1	0	34.3455
18.2901	1	1	0	34.3472
18.2951	1	1	0	34.3489
18.3001	1	1	0	34.3506
18.3051	1	1	0	34.3523
18.3061	1	1	0	34.3526
18.3101	1	1	0	34.354
18.3151	1	1	0	34.3557
18.3201	1	1	0	34.3574
18.3251	1	1	0	34.3591
18.3301	1	1	0	34.3608
18.3351	1	1	0	34.3625
18.3401	1	1	0	34.3642
18.3451	1	1	0	34.3659
18.3501	1	1	0	34.3676
18.3551	1	1	0	34.3693
18.3601	1	1	0	34.371
18.3651	1	1	0	34.3727
18.3701	1	1	0	34.3744
18.3751	1	1	0	34.3761
18.3801	1	1	0	34.3778
18.3851	1	1	0	34.3794
18.3861	1	1	0	34.3798
18.3901	1	1	0	34.3811
18.3951	1	1	0	34.3828
18.4001	1	1	0	34.3845
18.4051	1	1	0	34.3862
18.4101	1	1	0	34.3879
18.4151	1	1	0	34.3896
18.4201	1	1	0	34.3913
18.4251	1	1	0	34.393
18.4301	1	1	0	34.3947
18.4351	1	1	0	34.3964
18.4401	1	1	0	34.3981
18.4451	1	1	0	34.3998
18.4501	1	1	0	34.4015
18.4551	1	1	0	34.4032
18.4601	1	1	0	34.4049
18.4651	1	1	0	34.4065
18.4661	1	1	0	34.4069
18.4701	1	1	0	34.4082
18.4751	1	1	0	34.4099
18.4801	1	1	0	34.4116
18.4851	1	1	0	34.4133
18.4901	1	1	0	34.415
18.4951	1	1	0	34.4167
18.5001	1	1	0	34.4184
18.5051	1	1	0	34.4201
18.5101	1	1	0	34.4218
18.5111	1	1	0	34.4221
18.5151	1	1	0	34.4234
18.5201	1	1	0	34.4251
18.5251	1	1	0	34.4268
18.5301	1	1	0	34.4285
18.5351	1	1	0	34.4302
18.5401	1	1	0	34.4319
18.5451	1	1	0	34.4336
18.5461	1	1	0	34.4339
18.5501	1	1	0	34.4353
18.5551	1	1	0	34.4369
18.5601	1	1	0	34.4386
18.5651	1	1	0	34.4403
18.5701	1	1	0	34.442
18.5751	1	1	0	34.4437
18.5801	1	1	0	34.4454
18.5851	1	1	0	34.4471
18.5901	1	1	0	34.4487
18.5951	1	1	0	34.4504
18.6001	1	1	0	34.4521
18.6051	1	1	0	34.4538
18.6101	1	1	0	34.4555
18.6151	1	1	0	34.4572
18.6201	1	1	0	34.4589
18.6251	1	1	0	34.4605
18.6261	1	1	0	34.4609
18.6301	1	1	0	34.4622
18.6351	1	1	0	34.4639
18.6401	1	1	0	34.4656
18.6451	1	1	0	34.4673
18.6501	1	1	0	34.4689
18.6551	1	1	0	34.4706
18.6601	1	1	0	34.4723
18.6651	1	1	0	34.474
18.6701	1	1	0	34.4757
18.6751	1	1	0	34.4774
18.6801	1	1	0	34.479
18.6851	1	1	0	34.4807
18.6901	1	1	0	34.4824
18.6951	1	1	0	34.4841
18.7001	1	1	0	34.4858
18.7051	1	1	0	34.4874
18.7061	1	1	0	34.4878
18.7101	1	1	0	34.4891
18.7151	1	1	0	34.4908
18.7201	1	1	0	34.4925
18.7251	1	1	0	34.4941
18.7301	1	1	0	34.4958
18.7351	1	1	0	34.4975
18.7401	1	1	0	34.4992
18.7451	1	1	0	34.5009
18.7501	1	1	0	34.5025
18.7551	1	1	0	34.5042
18.7601	1	1	0	34.5059
18.7651	1	1	0	34.5076
18.7701	1	1	0	34.5092
18.7751	1	1	0	34.5109
18.7801	1	1	0	34.5126
18.7851	1	1	0	34.5143
18.7861	1	1	0	34.5146
18.7901	1	1	0	34.5159
18.7951	1	1	0	34.5176
18.8001	1	1	0	34.5193
18.8051	1	1	0	34.521
18.8101	1	1	0	34.5226
18.8151	1	1	0	34.5243
18.8201	1	1	0	34.526
18.8251	1	1	0	34.5276
18.8301	1	1	0	34.5293
18.8351	1	1	0	34.531
18.8401	1	1	0	34.5327
18.8451	1	1	0	34.5343
18.8501	1	1	0	34.536
18.8551	1	1	0	34.5377
18.8601	1	1	0	34.5393
18.8651	1	1	0	34.541
18.8661	1	1	0	34.5414
18.8701	1	1	0	34.5427
18.8751	1	1	0	34.5444
18.8801	1	1	0	34.546
18.8851	1	1	0	34.5477
18.8901	1	1	0	34.5494
18.8951	1	1	0	34.551
18.9001	1	1	0	34.5527
18.9051	1	1	0	34.5544
18.9101	1	1	0	34.556
18.9151	1	1	0	34.5577
18.9201	1	1	0	34.5594
18.9251	1	1	0	34.561
18.9301	1	1	0	34.5627
18.9351	1	1	0	34.5644
18.9401	1	1	0	34.566
18.9451	1	1	0	34.5677
18.9461	1	1	0	34.568
18.9501	1	1	0	34.5694
18.9551	1	1	0	34.571
18.9601	1	1	0	34.5727
18.9651	1	1	0	34.5744
18.9701	1	1	0	34.576
18.9751	1	1	0	34.5777
18.9801	1	1	0	34.5794
18.9851	1	1	0	34.581
18.9901	1	1	0	34.5827
18.9951	1	1	0	34.5844
19.0001	1	1	0	34.586
19.0051	1	1	0	34.5877
19.0101	1	1	0	34.5893
19.0151	1	1	0	34.591
19.0201	1	1	0	34.5927
19.0251	1	1	0	34.5943
19.0261	1	1	0	34.5947
19.0301	1	1	0	34.596
19.0351	1	1	0	34.5977
19.0401	1	1	0	34.5993
19.0451	1	1	0	34.601
19.0501	1	1	0	34.6026
19.0551	1	1	0	34.6043
19.0601	1	1	0	34.606
19.0651	1	1	0	34.6076
19.0701	1	1	0	34.6093
19.0751	1	1	0	34.6109
19.0801	1	1	0	34.6126
19.0851	1	1	0	34.6142
19.0901	1	1	0	34.6159
19.0951	1	1	0	34.6176
19.1001	1	1	0	34.6192
19.1051	1	1	0	34.6209
19.1061	1	1	0	34.6212
19.1101	1	1	0	34.6225
19.1151	1	1	0	34.6242
19.1201	1	1	0	34.6258
19.1251	1	1	0	34.6275
19.1301	1	1	0	34.6292
19.1351	1	1	0	34.6308
19.1401	1	1	0	34.6325
19.1451	1	1	0	34.6341
19.1501	1	1	0	34.6358
19.1551	1	1	0	34.6374
19.1601	1	1	0	34.6391
19.1651	1	1	0	34.6407
19.1701	1	1	0	34.6424
19.1751	1	1	0	34.644
19.1801	1	1	0	34.6457
19.1851	1	1	0	34.6474
19.1861	1	1	0	34.6477
19.1901	1	1	0	34.649
19.1951	1	1	0	34.6507
19.2001	1	1	0	34.6523
19.2051	1	1	0	34.654
19.2101	1	1	0	34.6556
19.2151	1	1	0	34.6573
19.2201	1	1	0	34.6589
19.2251	1	1	0	34.6606
19.2301	1	1	0	34.6622
19.2351	1	1	0	34.6639
19.2401	1	1	0	34.6655
19.2451	1	1	0	34.6672
19.2501	1	1	0	34.6688
19.2551	1	1	0	34.6705
19.2601	1	1	0	34.6721
19.2651	1	1	0	34.6738
19.2661	1	1	0	34.6741
19.2701	1	1	0	34.6754
19.2751	1	1	0	34.677
19.2801	1	1	0	34.6787
19.2851	1	1	0	34.6803
19.2901	1	1	0	34.682
19.2951	1	1	0	34.6836
19.3001	1	1	0	34.6853
19.3051	1	1	0	34.6869
19.3101	1	1	0	34.6886
19.3151	1	1	0	34.6902
19.3201	1	1	0	34.6919
19.3251	1	1	0	34.6935
19.3301	1	1	0	34.6952
19.3351	1	1	0	34.6968
19.3401	1	1	0	34.6984
19.3451	1	1	0	34.7001
19.3461	1	1	0	34.7004
19.3501	1	1	0	34.7017
19.3551	1	1	0	34.7034
19.3601	1	1	0	34.705
19.3651	1	1	0	34.7067
19.3701	1	1	0	34.7083
19.3751	1	1	0	34.7099
19.3801	1	1	0	34.7116
19.3851	1	1	0	34.7132
19.3901	1	1	0	34.7149
19.3951	1	1	0	34.7165
19.4001	1	1	0	34.7181
19.4051	1	1	0	34.7198
19.4101	1	1	0	34.7214
19.4151	1	1	0	34.7231
19.4201	1	1	0	34.7247
19.4251	1	1	0	34.7263
19.4261	1	1	0	34.7267
19.4301	1	1	0	34.728
19.4351	1	1	0	34.7296
19.4401	1	1	0	34.7312
19.4451	1	1	0	34.7329
19.4501	1	1	0	34.7345
19.4551	1	1	0	34.7362
19.4601	1	1	0	34.7378
19.4651	1	1	0	34.7394
19.4701	1	1	0	34.7411
19.4751	1	1	0	34.7427
19.4801	1	1	0	34.7443
19.4851	1	1	0	34.746
19.4901	1	1	0	34.7476
19.4951	1	1	0	34.7492
19.5001	1	1	0	34.7509
19.5051	1	1	0	34.7525
19.5061	1	1	0	34.7528
19.5101	1	1	0	34.7541
19.5151	1	1	0	34.7558
19.5201	1	1	0	34.7574
19.5251	1	1	0	34.759
19.5301	1	1	0	34.7607
19.5351	1	1	0	34.7623
19.5401	1	1	0	34.7639
19.5451	1	1	0	34.7656
19.5501	1	1	0	34.7672
19.5551	1	1	0	34.7688
19.5601	1	1	0	34.7705
19.5651	1	1	0	34.7721
19.5701	1	1	0	34.7737
19.5751	1	1	0	34.7754
19.5801	1	1	0	34.777
19.5851	1	1	0	34.7786
19.5861	1	1	0	34.7789
19.5901	1	1	0	34.7802
19.5951	1	1	0	34.7819
19.6001	1	1	0	34.7835
19.6051	1	1	0	34.7851
19.6101	1	1	0	34.7868
19.6151	1	1	0	34.7884
19.6201	1	1	0	34.79
19.6251	1	1	0	34.7916
19.6301	1	1	0	34.7933
19.6351	1	1	0	34.7949
19.6401	1	1	0	34.7965
19.6451	1	1	0	34.7981
19.6501	1	1	0	34.7998
19.6551	1	1	0	34.8014
19.6601	1	1	0	34.803
19.6651	1	1	0	34.8046
19.6661	1	1	0	34.805
19.6701	1	1	0	34.8063
19.6751	1	1	0	34.8079
19.6801	1	1	0	34.8095
19.6851	1	1	0	34.8111
19.6901	1	1	0	34.8127
19.6951	1	1	0	34.8144
19.7001	1	1	0	34.816
19.7051	1	1	0	34.8176
19.7101	1	1	0	34.8192
19.7151	1	1	0	34.8209
19.7201	1	1	0	34.8225
19.7251	1	1	0	34.8241
19.7301	1	1	0	34.8257
19.7351	1	1	0	34.8273
19.7401	1	1	0	34.829
19.7451	1	1	0	34.8306
19.7461	1	1	0	34.8309
19.7501	1	1	0	34.8322
19.7551	1	1	0	34.8338
19.7601	1	1	0	34.8354
19.7651	1	1	0	34.8371
19.7701	1	1	0	34.8387
19.7751	1	1	0	34.8403
19.7801	1	1	0	34.8419
19.7851	1	1	0	34.8435
19.7901	1	1	0	34.8451
19.7951	1	1	0	34.8468
19.8001	1	1	0	34.8484
19.8051	1	1	0	34.85
19.8101	1	1	0	34.8516
19.8151	1	1	0	34.8532
19.8201	1	1	0	34.8548
19.8251	1	1	0	34.8564
19.8261	1	1	0	34.8568
19.8301	1	1	0	34.8581
19.8351	1	1	0	34.8597
19.8401	1	1	0	34.8613
19.8451	1	1	0	34.8629
19.8501	1	1	0	34.8645
19.8551	1	1	0	34.8661
19.8601	1	1	0	34.8677
19.8651	1	1	0	34.8693
19.8701	1	1	0	34.871
19.8751	1	1	0	34.8726
19.8801	1	1	0	34.8742
19.8851	1	1	0	34.8758
19.8901	1	1	0	34.8774
19.8951	1	1	0	34.879
19.9001	1	1	0	34.8806
19.9051	1	1	0	34.8822
19.9061	1	1	0	34.8825
19.9101	1	1	0	34.8838
19.9151	1	1	0	34.8854
19.9201	1	1	0	34.887
19.9251	1	1	0	34.8887
19.9301	1	1	0	34.8903
19.9351	1	1	0	34.8919
19.9401	1	1	0	34.8935
19.9451	1	1	0	34.8951
19.9501	1	1	0	34.8967
19.9551	1	1	0	34.8983
19.9601	1	1	0	34.8999
19.9651	1	1	0	34.9015
19.9701	1	1	0	34.9031
19.9751	1	1	0	34.9047
19.9801	1	1	0	34.9063
19.9851	1	1	0	34.9079
19.9861	1	1	0	34.9082
19.9901	1	1	0	34.9095
19.9951	1	1	0	34.9111
