Time(sec)	CellId	BwpId	IMSI	pathLoss(dB)
0	1	0	1	-91.9719
0.005	1	0	1	-91.9735
0.01	1	0	1	-91.975
0.015	1	0	1	-91.9765
0.02	1	0	1	-91.9781
0.025	1	0	1	-91.9796
0.03	1	0	1	-91.9811
0.035	1	0	1	-91.9827
0.04	1	0	1	-91.9842
0.045	1	0	1	-91.9858
0.05	1	0	1	-91.9873
0.055	1	0	1	-91.9888
0.06	1	0	1	-91.9904
0.065	1	0	1	-91.9919
0.066	1	0	1	-91.9922
0.07	1	0	1	-91.9934
0.075	1	0	1	-91.995
0.08	1	0	1	-91.9965
0.085	1	0	1	-91.9981
0.09	1	0	1	-91.9996
0.095	1	0	1	-92.0011
0.1	1	0	1	-92.0027
0.105	1	0	1	-92.0042
0.11	1	0	1	-92.0058
0.115	1	0	1	-92.0073
0.12	1	0	1	-92.0088
0.125	1	0	1	-92.0104
0.13	1	0	1	-92.0119
0.135	1	0	1	-92.0135
0.14	1	0	1	-92.015
0.145	1	0	1	-92.0166
0.146	1	0	1	-92.0169
0.15	1	0	1	-92.0181
0.155	1	0	1	-92.0197
0.16	1	0	1	-92.0212
0.165	1	0	1	-92.0227
0.17	1	0	1	-92.0243
0.175	1	0	1	-92.0258
0.18	1	0	1	-92.0274
0.185	1	0	1	-92.0289
0.19	1	0	1	-92.0305
0.195	1	0	1	-92.032
0.2	1	0	1	-92.0336
0.205	1	0	1	-92.0351
0.21	1	0	1	-92.0367
0.215	1	0	1	-92.0382
0.22	1	0	1	-92.0398
0.225	1	0	1	-92.0413
0.226	1	0	1	-92.0416
0.23	1	0	1	-92.0429
0.235	1	0	1	-92.0444
0.24	1	0	1	-92.046
0.245	1	0	1	-92.0475
0.25	1	0	1	-92.0491
0.255	1	0	1	-92.0506
0.26	1	0	1	-92.0522
0.265	1	0	1	-92.0537
0.27	1	0	1	-92.0553
0.275	1	0	1	-92.0568
0.28	1	0	1	-92.0584
0.285	1	0	1	-92.0599
0.29	1	0	1	-92.0615
0.295	1	0	1	-92.063
0.3	1	0	1	-92.0646
0.305	1	0	1	-92.0662
0.306	1	0	1	-92.0665
0.31	1	0	1	-92.0677
0.315	1	0	1	-92.0693
0.32	1	0	1	-92.0708
0.325	1	0	1	-92.0724
0.33	1	0	1	-92.0739
0.335	1	0	1	-92.0755
0.34	1	0	1	-92.0771
0.345	1	0	1	-92.0786
0.35	1	0	1	-92.0802
0.355	1	0	1	-92.0817
0.36	1	0	1	-92.0833
0.365	1	0	1	-92.0849
0.37	1	0	1	-92.0864
0.375	1	0	1	-92.088
0.38	1	0	1	-92.0895
0.385	1	0	1	-92.0911
0.386	1	0	1	-92.0914
0.39	1	0	1	-92.0927
0.395	1	0	1	-92.0942
0.4	1	0	1	-92.0958
0.405	1	0	1	-92.0973
0.41	1	0	1	-92.0989
0.415	1	0	1	-92.1005
0.42	1	0	1	-92.102
0.425	1	0	1	-92.1036
0.43	1	0	1	-92.1052
0.435	1	0	1	-92.1067
0.44	1	0	1	-92.1083
0.445	1	0	1	-92.1099
0.45	1	0	1	-92.1114
0.455	1	0	1	-92.113
0.46	1	0	1	-92.1146
0.465	1	0	1	-92.1161
0.466	1	0	1	-92.1164
0.47	1	0	1	-92.1177
0.475	1	0	1	-92.1193
0.48	1	0	1	-92.1208
0.485	1	0	1	-92.1224
0.49	1	0	1	-92.124
0.495	1	0	1	-92.1255
0.5	1	0	1	-92.1271
0.505	1	0	1	-92.1287
0.506	1	0	1	-92.129
0.51	1	0	1	-92.1302
0.512	1	0	1	-92.1309
0.515	1	0	1	-92.1318
0.52	1	0	1	-92.1334
0.525	1	0	1	-92.1349
0.53	1	0	1	-92.1365
0.535	1	0	1	-92.1381
0.54	1	0	1	-92.1397
0.545	1	0	1	-92.1412
0.546	1	0	1	-92.1415
0.55	1	0	1	-92.1428
0.555	1	0	1	-92.1444
0.56	1	0	1	-92.146
0.565	1	0	1	-92.1475
0.57	1	0	1	-92.1491
0.575	1	0	1	-92.1507
0.58	1	0	1	-92.1523
0.585	1	0	1	-92.1538
0.59	1	0	1	-92.1554
0.595	1	0	1	-92.157
0.6	1	0	1	-92.1586
0.605	1	0	1	-92.1601
0.61	1	0	1	-92.1617
0.615	1	0	1	-92.1633
0.62	1	0	1	-92.1649
0.625	1	0	1	-92.1664
0.626	1	0	1	-92.1668
0.63	1	0	1	-92.168
0.635	1	0	1	-92.1696
0.64	1	0	1	-92.1712
0.645	1	0	1	-92.1728
0.65	1	0	1	-92.1743
0.655	1	0	1	-92.1759
0.66	1	0	1	-92.1775
0.665	1	0	1	-92.1791
0.67	1	0	1	-92.1807
0.675	1	0	1	-92.1822
0.68	1	0	1	-92.1838
0.685	1	0	1	-92.1854
0.69	1	0	1	-92.187
0.695	1	0	1	-92.1886
0.7	1	0	1	-92.1901
0.705	1	0	1	-92.1917
0.706	1	0	1	-92.192
0.71	1	0	1	-92.1933
0.715	1	0	1	-92.1949
0.72	1	0	1	-92.1965
0.725	1	0	1	-92.1981
0.73	1	0	1	-92.1996
0.735	1	0	1	-92.2012
0.74	1	0	1	-92.2028
0.745	1	0	1	-92.2044
0.75	1	0	1	-92.206
0.755	1	0	1	-92.2076
0.76	1	0	1	-92.2092
0.765	1	0	1	-92.2108
0.77	1	0	1	-92.2123
0.775	1	0	1	-92.2139
0.78	1	0	1	-92.2155
0.785	1	0	1	-92.2171
0.786	1	0	1	-92.2174
0.79	1	0	1	-92.2187
0.795	1	0	1	-92.2203
0.8	1	0	1	-92.2219
0.805	1	0	1	-92.2235
0.81	1	0	1	-92.2251
0.815	1	0	1	-92.2266
0.82	1	0	1	-92.2282
0.825	1	0	1	-92.2298
0.83	1	0	1	-92.2314
0.835	1	0	1	-92.233
0.84	1	0	1	-92.2346
0.845	1	0	1	-92.2362
0.85	1	0	1	-92.2378
0.855	1	0	1	-92.2394
0.86	1	0	1	-92.241
0.865	1	0	1	-92.2426
0.866	1	0	1	-92.2429
0.87	1	0	1	-92.2442
0.875	1	0	1	-92.2458
0.88	1	0	1	-92.2473
0.885	1	0	1	-92.2489
0.89	1	0	1	-92.2505
0.895	1	0	1	-92.2521
0.9	1	0	1	-92.2537
0.905	1	0	1	-92.2553
0.91	1	0	1	-92.2569
0.915	1	0	1	-92.2585
0.92	1	0	1	-92.2601
0.925	1	0	1	-92.2617
0.93	1	0	1	-92.2633
0.935	1	0	1	-92.2649
0.94	1	0	1	-92.2665
0.945	1	0	1	-92.2681
0.946	1	0	1	-92.2684
0.95	1	0	1	-92.2697
0.955	1	0	1	-92.2713
0.96	1	0	1	-92.2729
0.965	1	0	1	-92.2745
0.97	1	0	1	-92.2761
0.975	1	0	1	-92.2777
0.98	1	0	1	-92.2793
0.985	1	0	1	-92.2809
0.99	1	0	1	-92.2825
0.995	1	0	1	-92.2841
1	1	0	1	-92.2857
1.005	1	0	1	-92.2873
1.01	1	0	1	-92.2889
1.015	1	0	1	-92.2905
1.02	1	0	1	-92.2921
1.025	1	0	1	-92.2937
1.026	1	0	1	-92.2941
1.03	1	0	1	-92.2953
1.035	1	0	1	-92.297
1.04	1	0	1	-92.2986
1.045	1	0	1	-92.3002
1.05	1	0	1	-92.3018
1.055	1	0	1	-92.3034
1.06	1	0	1	-92.305
1.065	1	0	1	-92.3066
1.07	1	0	1	-92.3082
1.075	1	0	1	-92.3098
1.08	1	0	1	-92.3114
1.085	1	0	1	-92.313
1.09	1	0	1	-92.3146
1.095	1	0	1	-92.3162
1.1	1	0	1	-92.3178
1.105	1	0	1	-92.3195
1.106	1	0	1	-92.3198
1.11	1	0	1	-92.3211
1.115	1	0	1	-92.3227
1.12	1	0	1	-92.3243
1.125	1	0	1	-92.3259
1.13	1	0	1	-92.3275
1.135	1	0	1	-92.3291
1.14	1	0	1	-92.3307
1.145	1	0	1	-92.3323
1.15	1	0	1	-92.334
1.155	1	0	1	-92.3356
1.16	1	0	1	-92.3372
1.165	1	0	1	-92.3388
1.17	1	0	1	-92.3404
1.175	1	0	1	-92.342
1.18	1	0	1	-92.3436
1.185	1	0	1	-92.3452
1.186	1	0	1	-92.3456
1.19	1	0	1	-92.3469
1.195	1	0	1	-92.3485
1.2	1	0	1	-92.3501
1.205	1	0	1	-92.3517
1.21	1	0	1	-92.3533
1.215	1	0	1	-92.3549
1.22	1	0	1	-92.3566
1.225	1	0	1	-92.3582
1.23	1	0	1	-92.3598
1.235	1	0	1	-92.3614
1.24	1	0	1	-92.363
1.245	1	0	1	-92.3646
1.25	1	0	1	-92.3663
1.255	1	0	1	-92.3679
1.26	1	0	1	-92.3695
1.265	1	0	1	-92.3711
1.266	1	0	1	-92.3714
1.27	1	0	1	-92.3727
1.275	1	0	1	-92.3744
1.28	1	0	1	-92.376
1.285	1	0	1	-92.3776
1.29	1	0	1	-92.3792
1.295	1	0	1	-92.3808
1.3	1	0	1	-92.3825
1.305	1	0	1	-92.3841
1.31	1	0	1	-92.3857
1.315	1	0	1	-92.3873
1.32	1	0	1	-92.389
1.325	1	0	1	-92.3906
1.33	1	0	1	-92.3922
1.335	1	0	1	-92.3938
1.34	1	0	1	-92.3954
1.345	1	0	1	-92.3971
1.346	1	0	1	-92.3974
1.35	1	0	1	-92.3987
1.355	1	0	1	-92.4003
1.36	1	0	1	-92.4019
1.365	1	0	1	-92.4036
1.37	1	0	1	-92.4052
1.375	1	0	1	-92.4068
1.38	1	0	1	-92.4085
1.385	1	0	1	-92.4101
1.39	1	0	1	-92.4117
1.395	1	0	1	-92.4133
1.4	1	0	1	-92.415
1.405	1	0	1	-92.4166
1.41	1	0	1	-92.4182
1.415	1	0	1	-92.4198
1.42	1	0	1	-92.4215
1.425	1	0	1	-92.4231
1.426	1	0	1	-92.4234
1.43	1	0	1	-92.4247
1.435	1	0	1	-92.4264
1.44	1	0	1	-92.428
1.445	1	0	1	-92.4296
1.45	1	0	1	-92.4313
1.455	1	0	1	-92.4329
1.46	1	0	1	-92.4345
1.465	1	0	1	-92.4361
1.47	1	0	1	-92.4378
1.475	1	0	1	-92.4394
1.48	1	0	1	-92.441
1.485	1	0	1	-92.4427
1.49	1	0	1	-92.4443
1.495	1	0	1	-92.4459
1.5	1	0	1	-92.4476
1.505	1	0	1	-92.4492
1.506	1	0	1	-92.4495
1.51	1	0	1	-92.4508
1.515	1	0	1	-92.4525
1.52	1	0	1	-92.4541
1.525	1	0	1	-92.4558
1.53	1	0	1	-92.4574
1.535	1	0	1	-92.459
1.54	1	0	1	-92.4607
1.545	1	0	1	-92.4623
1.55	1	0	1	-92.4639
1.555	1	0	1	-92.4656
1.56	1	0	1	-92.4672
1.565	1	0	1	-92.4688
1.57	1	0	1	-92.4705
1.575	1	0	1	-92.4721
1.58	1	0	1	-92.4738
1.585	1	0	1	-92.4754
1.586	1	0	1	-92.4757
1.59	1	0	1	-92.477
1.595	1	0	1	-92.4787
1.6	1	0	1	-92.4803
1.605	1	0	1	-92.482
1.61	1	0	1	-92.4836
1.615	1	0	1	-92.4852
1.62	1	0	1	-92.4869
1.625	1	0	1	-92.4885
1.63	1	0	1	-92.4902
1.635	1	0	1	-92.4918
1.64	1	0	1	-92.4934
1.645	1	0	1	-92.4951
1.65	1	0	1	-92.4967
1.655	1	0	1	-92.4984
1.66	1	0	1	-92.5
1.665	1	0	1	-92.5017
1.666	1	0	1	-92.502
1.67	1	0	1	-92.5033
1.675	1	0	1	-92.505
1.68	1	0	1	-92.5066
1.685	1	0	1	-92.5082
1.69	1	0	1	-92.5099
1.695	1	0	1	-92.5115
1.7	1	0	1	-92.5132
1.705	1	0	1	-92.5148
1.71	1	0	1	-92.5165
1.715	1	0	1	-92.5181
1.72	1	0	1	-92.5198
1.725	1	0	1	-92.5214
1.73	1	0	1	-92.5231
1.735	1	0	1	-92.5247
1.74	1	0	1	-92.5264
1.745	1	0	1	-92.528
1.746	1	0	1	-92.5283
1.75	1	0	1	-92.5296
1.755	1	0	1	-92.5313
1.76	1	0	1	-92.5329
1.765	1	0	1	-92.5346
1.77	1	0	1	-92.5362
1.775	1	0	1	-92.5379
1.78	1	0	1	-92.5395
1.785	1	0	1	-92.5412
1.79	1	0	1	-92.5428
1.795	1	0	1	-92.5445
1.8	1	0	1	-92.5462
1.805	1	0	1	-92.5478
1.81	1	0	1	-92.5495
1.815	1	0	1	-92.5511
1.82	1	0	1	-92.5528
1.825	1	0	1	-92.5544
1.826	1	0	1	-92.5547
1.83	1	0	1	-92.5561
1.835	1	0	1	-92.5577
1.84	1	0	1	-92.5594
1.845	1	0	1	-92.561
1.85	1	0	1	-92.5627
1.855	1	0	1	-92.5643
1.86	1	0	1	-92.566
1.865	1	0	1	-92.5676
1.87	1	0	1	-92.5693
1.875	1	0	1	-92.571
1.88	1	0	1	-92.5726
1.885	1	0	1	-92.5743
1.89	1	0	1	-92.5759
1.895	1	0	1	-92.5776
1.9	1	0	1	-92.5792
1.905	1	0	1	-92.5809
1.906	1	0	1	-92.5812
1.91	1	0	1	-92.5826
1.915	1	0	1	-92.5842
1.92	1	0	1	-92.5859
1.925	1	0	1	-92.5875
1.93	1	0	1	-92.5892
1.935	1	0	1	-92.5908
1.94	1	0	1	-92.5925
1.945	1	0	1	-92.5942
1.95	1	0	1	-92.5958
1.955	1	0	1	-92.5975
1.96	1	0	1	-92.5991
1.965	1	0	1	-92.6008
1.97	1	0	1	-92.6025
1.975	1	0	1	-92.6041
1.98	1	0	1	-92.6058
1.985	1	0	1	-92.6075
1.986	1	0	1	-92.6078
1.99	1	0	1	-92.6091
1.995	1	0	1	-92.6108
2	1	0	1	-92.6124
2.005	1	0	1	-92.6141
2.01	1	0	1	-92.6158
2.015	1	0	1	-92.6174
2.02	1	0	1	-92.6191
2.025	1	0	1	-92.6208
2.03	1	0	1	-92.6224
2.035	1	0	1	-92.6241
2.04	1	0	1	-92.6258
2.045	1	0	1	-92.6274
2.05	1	0	1	-92.6291
2.055	1	0	1	-92.6307
2.06	1	0	1	-92.6324
2.065	1	0	1	-92.6341
2.066	1	0	1	-92.6344
2.07	1	0	1	-92.6357
2.075	1	0	1	-92.6374
2.08	1	0	1	-92.6391
2.085	1	0	1	-92.6407
2.09	1	0	1	-92.6424
2.095	1	0	1	-92.6441
2.1	1	0	1	-92.6458
2.105	1	0	1	-92.6474
2.11	1	0	1	-92.6491
2.115	1	0	1	-92.6508
2.12	1	0	1	-92.6524
2.125	1	0	1	-92.6541
2.13	1	0	1	-92.6558
2.135	1	0	1	-92.6574
2.14	1	0	1	-92.6591
2.145	1	0	1	-92.6608
2.146	1	0	1	-92.6611
2.15	1	0	1	-92.6625
2.155	1	0	1	-92.6641
2.16	1	0	1	-92.6658
2.165	1	0	1	-92.6675
2.17	1	0	1	-92.6691
2.175	1	0	1	-92.6708
2.18	1	0	1	-92.6725
2.185	1	0	1	-92.6742
2.19	1	0	1	-92.6758
2.195	1	0	1	-92.6775
2.2	1	0	1	-92.6792
2.205	1	0	1	-92.6808
2.21	1	0	1	-92.6825
2.215	1	0	1	-92.6842
2.22	1	0	1	-92.6859
2.225	1	0	1	-92.6875
2.226	1	0	1	-92.6879
2.23	1	0	1	-92.6892
2.235	1	0	1	-92.6909
2.24	1	0	1	-92.6926
2.245	1	0	1	-92.6943
2.25	1	0	1	-92.6959
2.255	1	0	1	-92.6976
2.26	1	0	1	-92.6993
2.265	1	0	1	-92.701
2.27	1	0	1	-92.7026
2.275	1	0	1	-92.7043
2.28	1	0	1	-92.706
2.285	1	0	1	-92.7077
2.29	1	0	1	-92.7093
2.295	1	0	1	-92.711
2.3	1	0	1	-92.7127
2.305	1	0	1	-92.7144
2.306	1	0	1	-92.7147
2.31	1	0	1	-92.7161
2.315	1	0	1	-92.7177
2.32	1	0	1	-92.7194
2.325	1	0	1	-92.7211
2.33	1	0	1	-92.7228
2.335	1	0	1	-92.7245
2.34	1	0	1	-92.7261
2.345	1	0	1	-92.7278
2.35	1	0	1	-92.7295
2.355	1	0	1	-92.7312
2.36	1	0	1	-92.7329
2.365	1	0	1	-92.7346
2.37	1	0	1	-92.7362
2.375	1	0	1	-92.7379
2.38	1	0	1	-92.7396
2.385	1	0	1	-92.7413
2.386	1	0	1	-92.7416
2.39	1	0	1	-92.743
2.395	1	0	1	-92.7447
2.4	1	0	1	-92.7463
2.405	1	0	1	-92.748
2.41	1	0	1	-92.7497
2.415	1	0	1	-92.7514
2.42	1	0	1	-92.7531
2.425	1	0	1	-92.7548
2.43	1	0	1	-92.7565
2.435	1	0	1	-92.7581
2.44	1	0	1	-92.7598
2.445	1	0	1	-92.7615
2.45	1	0	1	-92.7632
2.455	1	0	1	-92.7649
2.46	1	0	1	-92.7666
2.465	1	0	1	-92.7683
2.466	1	0	1	-92.7686
2.47	1	0	1	-92.7699
2.475	1	0	1	-92.7716
2.48	1	0	1	-92.7733
2.485	1	0	1	-92.775
2.49	1	0	1	-92.7767
2.495	1	0	1	-92.7784
2.5	1	0	1	-92.7801
2.505	1	0	1	-92.7818
2.51	1	0	1	-92.7835
2.511	1	0	1	-92.7838
2.515	1	0	1	-92.7852
2.52	1	0	1	-92.7868
2.525	1	0	1	-92.7885
2.53	1	0	1	-92.7902
2.535	1	0	1	-92.7919
2.54	1	0	1	-92.7936
2.545	1	0	1	-92.7953
2.546	1	0	1	-92.7956
2.55	1	0	1	-92.797
2.555	1	0	1	-92.7987
2.56	1	0	1	-92.8004
2.565	1	0	1	-92.8021
2.57	1	0	1	-92.8038
2.575	1	0	1	-92.8055
2.58	1	0	1	-92.8071
2.585	1	0	1	-92.8088
2.59	1	0	1	-92.8105
2.595	1	0	1	-92.8122
2.6	1	0	1	-92.8139
2.605	1	0	1	-92.8156
2.61	1	0	1	-92.8173
2.615	1	0	1	-92.819
2.62	1	0	1	-92.8207
2.625	1	0	1	-92.8224
2.626	1	0	1	-92.8227
2.63	1	0	1	-92.8241
2.635	1	0	1	-92.8258
2.64	1	0	1	-92.8275
2.645	1	0	1	-92.8292
2.65	1	0	1	-92.8309
2.655	1	0	1	-92.8326
2.66	1	0	1	-92.8343
2.665	1	0	1	-92.836
2.67	1	0	1	-92.8377
2.675	1	0	1	-92.8394
2.68	1	0	1	-92.8411
2.685	1	0	1	-92.8428
2.69	1	0	1	-92.8445
2.695	1	0	1	-92.8462
2.7	1	0	1	-92.8479
2.705	1	0	1	-92.8496
2.706	1	0	1	-92.8499
2.71	1	0	1	-92.8513
2.715	1	0	1	-92.853
2.72	1	0	1	-92.8547
2.725	1	0	1	-92.8564
2.73	1	0	1	-92.8581
2.735	1	0	1	-92.8598
2.74	1	0	1	-92.8615
2.745	1	0	1	-92.8632
2.75	1	0	1	-92.8649
2.755	1	0	1	-92.8666
2.76	1	0	1	-92.8683
2.765	1	0	1	-92.87
2.77	1	0	1	-92.8717
2.775	1	0	1	-92.8734
2.78	1	0	1	-92.8751
2.785	1	0	1	-92.8768
2.786	1	0	1	-92.8771
2.79	1	0	1	-92.8785
2.795	1	0	1	-92.8802
2.8	1	0	1	-92.8819
2.805	1	0	1	-92.8836
2.81	1	0	1	-92.8853
2.815	1	0	1	-92.887
2.82	1	0	1	-92.8887
2.825	1	0	1	-92.8904
2.83	1	0	1	-92.8921
2.835	1	0	1	-92.8939
2.84	1	0	1	-92.8956
2.845	1	0	1	-92.8973
2.85	1	0	1	-92.899
2.855	1	0	1	-92.9007
2.86	1	0	1	-92.9024
2.865	1	0	1	-92.9041
2.866	1	0	1	-92.9044
2.87	1	0	1	-92.9058
2.875	1	0	1	-92.9075
2.88	1	0	1	-92.9092
2.885	1	0	1	-92.9109
2.89	1	0	1	-92.9126
2.895	1	0	1	-92.9143
2.9	1	0	1	-92.9161
2.905	1	0	1	-92.9178
2.91	1	0	1	-92.9195
2.915	1	0	1	-92.9212
2.92	1	0	1	-92.9229
2.925	1	0	1	-92.9246
2.93	1	0	1	-92.9263
2.935	1	0	1	-92.928
2.94	1	0	1	-92.9297
2.945	1	0	1	-92.9314
2.946	1	0	1	-92.9318
2.95	1	0	1	-92.9332
2.955	1	0	1	-92.9349
2.96	1	0	1	-92.9366
2.965	1	0	1	-92.9383
2.97	1	0	1	-92.94
2.975	1	0	1	-92.9417
2.98	1	0	1	-92.9434
2.985	1	0	1	-92.9451
2.99	1	0	1	-92.9469
2.995	1	0	1	-92.9486
3	1	0	1	-92.9503
3.005	1	0	1	-92.952
3.01	1	0	1	-92.9537
3.015	1	0	1	-92.9554
3.02	1	0	1	-92.9571
3.025	1	0	1	-92.9589
3.026	1	0	1	-92.9592
3.03	1	0	1	-92.9606
3.035	1	0	1	-92.9623
3.04	1	0	1	-92.964
3.045	1	0	1	-92.9657
3.05	1	0	1	-92.9674
3.055	1	0	1	-92.9692
3.06	1	0	1	-92.9709
3.065	1	0	1	-92.9726
3.07	1	0	1	-92.9743
3.075	1	0	1	-92.976
3.08	1	0	1	-92.9777
3.085	1	0	1	-92.9795
3.09	1	0	1	-92.9812
3.095	1	0	1	-92.9829
3.1	1	0	1	-92.9846
3.105	1	0	1	-92.9863
3.106	1	0	1	-92.9867
3.11	1	0	1	-92.9881
3.115	1	0	1	-92.9898
3.12	1	0	1	-92.9915
3.125	1	0	1	-92.9932
3.13	1	0	1	-92.9949
3.135	1	0	1	-92.9967
3.14	1	0	1	-92.9984
3.145	1	0	1	-93.0001
3.15	1	0	1	-93.0018
3.155	1	0	1	-93.0035
3.16	1	0	1	-93.0053
3.165	1	0	1	-93.007
3.17	1	0	1	-93.0087
3.175	1	0	1	-93.0104
3.18	1	0	1	-93.0122
3.185	1	0	1	-93.0139
3.186	1	0	1	-93.0142
3.19	1	0	1	-93.0156
3.195	1	0	1	-93.0173
3.2	1	0	1	-93.019
3.205	1	0	1	-93.0208
3.21	1	0	1	-93.0225
3.215	1	0	1	-93.0242
3.22	1	0	1	-93.0259
3.225	1	0	1	-93.0277
3.23	1	0	1	-93.0294
3.235	1	0	1	-93.0311
3.24	1	0	1	-93.0328
3.245	1	0	1	-93.0346
3.25	1	0	1	-93.0363
3.255	1	0	1	-93.038
3.26	1	0	1	-93.0397
3.265	1	0	1	-93.0415
3.266	1	0	1	-93.0418
3.27	1	0	1	-93.0432
3.275	1	0	1	-93.0449
3.28	1	0	1	-93.0466
3.285	1	0	1	-93.0484
3.29	1	0	1	-93.0501
3.295	1	0	1	-93.0518
3.3	1	0	1	-93.0536
3.305	1	0	1	-93.0553
3.31	1	0	1	-93.057
3.315	1	0	1	-93.0587
3.32	1	0	1	-93.0605
3.325	1	0	1	-93.0622
3.33	1	0	1	-93.0639
3.335	1	0	1	-93.0657
3.34	1	0	1	-93.0674
3.345	1	0	1	-93.0691
3.346	1	0	1	-93.0695
3.35	1	0	1	-93.0709
3.355	1	0	1	-93.0726
3.36	1	0	1	-93.0743
3.365	1	0	1	-93.076
3.37	1	0	1	-93.0778
3.375	1	0	1	-93.0795
3.38	1	0	1	-93.0812
3.385	1	0	1	-93.083
3.39	1	0	1	-93.0847
3.395	1	0	1	-93.0864
3.4	1	0	1	-93.0882
3.405	1	0	1	-93.0899
3.41	1	0	1	-93.0916
3.415	1	0	1	-93.0934
3.42	1	0	1	-93.0951
3.425	1	0	1	-93.0968
3.426	1	0	1	-93.0972
3.43	1	0	1	-93.0986
3.435	1	0	1	-93.1003
3.44	1	0	1	-93.102
3.445	1	0	1	-93.1038
3.45	1	0	1	-93.1055
3.455	1	0	1	-93.1072
3.46	1	0	1	-93.109
3.465	1	0	1	-93.1107
3.47	1	0	1	-93.1124
3.475	1	0	1	-93.1142
3.48	1	0	1	-93.1159
3.485	1	0	1	-93.1176
3.49	1	0	1	-93.1194
3.495	1	0	1	-93.1211
3.5	1	0	1	-93.1229
3.505	1	0	1	-93.1246
3.506	1	0	1	-93.1249
3.51	1	0	1	-93.1263
3.515	1	0	1	-93.1281
3.52	1	0	1	-93.1298
3.525	1	0	1	-93.1315
3.53	1	0	1	-93.1333
3.535	1	0	1	-93.135
3.54	1	0	1	-93.1368
3.545	1	0	1	-93.1385
3.55	1	0	1	-93.1402
3.555	1	0	1	-93.142
3.56	1	0	1	-93.1437
3.565	1	0	1	-93.1455
3.57	1	0	1	-93.1472
3.575	1	0	1	-93.1489
3.58	1	0	1	-93.1507
3.585	1	0	1	-93.1524
3.586	1	0	1	-93.1528
3.59	1	0	1	-93.1542
3.595	1	0	1	-93.1559
3.6	1	0	1	-93.1576
3.605	1	0	1	-93.1594
3.61	1	0	1	-93.1611
3.615	1	0	1	-93.1629
3.62	1	0	1	-93.1646
3.625	1	0	1	-93.1663
3.63	1	0	1	-93.1681
3.635	1	0	1	-93.1698
3.64	1	0	1	-93.1716
3.645	1	0	1	-93.1733
3.65	1	0	1	-93.1751
3.655	1	0	1	-93.1768
3.66	1	0	1	-93.1785
3.665	1	0	1	-93.1803
3.666	1	0	1	-93.1806
3.67	1	0	1	-93.182
3.675	1	0	1	-93.1838
3.68	1	0	1	-93.1855
3.685	1	0	1	-93.1873
3.69	1	0	1	-93.189
3.695	1	0	1	-93.1908
3.7	1	0	1	-93.1925
3.705	1	0	1	-93.1942
3.71	1	0	1	-93.196
3.715	1	0	1	-93.1977
3.72	1	0	1	-93.1995
3.725	1	0	1	-93.2012
3.73	1	0	1	-93.203
3.735	1	0	1	-93.2047
3.74	1	0	1	-93.2065
3.745	1	0	1	-93.2082
3.746	1	0	1	-93.2086
3.75	1	0	1	-93.21
3.755	1	0	1	-93.2117
3.76	1	0	1	-93.2135
3.765	1	0	1	-93.2152
3.77	1	0	1	-93.217
3.775	1	0	1	-93.2187
3.78	1	0	1	-93.2204
3.785	1	0	1	-93.2222
3.79	1	0	1	-93.2239
3.795	1	0	1	-93.2257
3.8	1	0	1	-93.2274
3.805	1	0	1	-93.2292
3.81	1	0	1	-93.2309
3.815	1	0	1	-93.2327
3.82	1	0	1	-93.2344
3.825	1	0	1	-93.2362
3.826	1	0	1	-93.2365
3.83	1	0	1	-93.2379
3.835	1	0	1	-93.2397
3.84	1	0	1	-93.2414
3.845	1	0	1	-93.2432
3.85	1	0	1	-93.2449
3.855	1	0	1	-93.2467
3.86	1	0	1	-93.2485
3.865	1	0	1	-93.2502
3.87	1	0	1	-93.252
3.875	1	0	1	-93.2537
3.88	1	0	1	-93.2555
3.885	1	0	1	-93.2572
3.89	1	0	1	-93.259
3.895	1	0	1	-93.2607
3.9	1	0	1	-93.2625
3.905	1	0	1	-93.2642
3.906	1	0	1	-93.2646
3.91	1	0	1	-93.266
3.915	1	0	1	-93.2677
3.92	1	0	1	-93.2695
3.925	1	0	1	-93.2712
3.93	1	0	1	-93.273
3.935	1	0	1	-93.2748
3.94	1	0	1	-93.2765
3.945	1	0	1	-93.2783
3.95	1	0	1	-93.28
3.955	1	0	1	-93.2818
3.96	1	0	1	-93.2835
3.965	1	0	1	-93.2853
3.97	1	0	1	-93.287
3.975	1	0	1	-93.2888
3.98	1	0	1	-93.2906
3.985	1	0	1	-93.2923
3.986	1	0	1	-93.2927
3.99	1	0	1	-93.2941
3.995	1	0	1	-93.2958
4	1	0	1	-93.2976
4.005	1	0	1	-93.2993
4.01	1	0	1	-93.3011
4.015	1	0	1	-93.3029
4.02	1	0	1	-93.3046
4.025	1	0	1	-93.3064
4.03	1	0	1	-93.3081
4.035	1	0	1	-93.3099
4.04	1	0	1	-93.3116
4.045	1	0	1	-93.3134
4.05	1	0	1	-93.3152
4.055	1	0	1	-93.3169
4.06	1	0	1	-93.3187
4.065	1	0	1	-93.3204
4.066	1	0	1	-93.3208
4.07	1	0	1	-93.3222
4.075	1	0	1	-93.324
4.08	1	0	1	-93.3257
4.085	1	0	1	-93.3275
4.09	1	0	1	-93.3292
4.095	1	0	1	-93.331
4.1	1	0	1	-93.3328
4.105	1	0	1	-93.3345
4.11	1	0	1	-93.3363
4.115	1	0	1	-93.3381
4.12	1	0	1	-93.3398
4.125	1	0	1	-93.3416
4.13	1	0	1	-93.3433
4.135	1	0	1	-93.3451
4.14	1	0	1	-93.3469
4.145	1	0	1	-93.3486
4.146	1	0	1	-93.349
4.15	1	0	1	-93.3504
4.155	1	0	1	-93.3522
4.16	1	0	1	-93.3539
4.165	1	0	1	-93.3557
4.17	1	0	1	-93.3574
4.175	1	0	1	-93.3592
4.18	1	0	1	-93.361
4.185	1	0	1	-93.3627
4.19	1	0	1	-93.3645
4.195	1	0	1	-93.3663
4.2	1	0	1	-93.368
4.205	1	0	1	-93.3698
4.21	1	0	1	-93.3716
4.215	1	0	1	-93.3733
4.22	1	0	1	-93.3751
4.225	1	0	1	-93.3769
4.226	1	0	1	-93.3772
4.23	1	0	1	-93.3786
4.235	1	0	1	-93.3804
4.24	1	0	1	-93.3822
4.245	1	0	1	-93.3839
4.25	1	0	1	-93.3857
4.255	1	0	1	-93.3875
4.26	1	0	1	-93.3892
4.265	1	0	1	-93.391
4.27	1	0	1	-93.3928
4.275	1	0	1	-93.3945
4.28	1	0	1	-93.3963
4.285	1	0	1	-93.3981
4.29	1	0	1	-93.3998
4.295	1	0	1	-93.4016
4.3	1	0	1	-93.4034
4.305	1	0	1	-93.4051
4.306	1	0	1	-93.4055
4.31	1	0	1	-93.4069
4.315	1	0	1	-93.4087
4.32	1	0	1	-93.4104
4.325	1	0	1	-93.4122
4.33	1	0	1	-93.414
4.335	1	0	1	-93.4158
4.34	1	0	1	-93.4175
4.345	1	0	1	-93.4193
4.35	1	0	1	-93.4211
4.355	1	0	1	-93.4228
4.36	1	0	1	-93.4246
4.365	1	0	1	-93.4264
4.37	1	0	1	-93.4282
4.375	1	0	1	-93.4299
4.38	1	0	1	-93.4317
4.385	1	0	1	-93.4335
4.386	1	0	1	-93.4338
4.39	1	0	1	-93.4352
4.395	1	0	1	-93.437
4.4	1	0	1	-93.4388
4.405	1	0	1	-93.4406
4.41	1	0	1	-93.4423
4.415	1	0	1	-93.4441
4.42	1	0	1	-93.4459
4.425	1	0	1	-93.4476
4.43	1	0	1	-93.4494
4.435	1	0	1	-93.4512
4.44	1	0	1	-93.453
4.445	1	0	1	-93.4547
4.45	1	0	1	-93.4565
4.455	1	0	1	-93.4583
4.46	1	0	1	-93.4601
4.465	1	0	1	-93.4618
4.466	1	0	1	-93.4622
4.47	1	0	1	-93.4636
4.475	1	0	1	-93.4654
4.48	1	0	1	-93.4672
4.485	1	0	1	-93.4689
4.49	1	0	1	-93.4707
4.495	1	0	1	-93.4725
4.5	1	0	1	-93.4743
4.505	1	0	1	-93.476
4.51	1	0	1	-93.4778
4.511	1	0	1	-93.4782
4.515	1	0	1	-93.4796
4.52	1	0	1	-93.4814
4.525	1	0	1	-93.4832
4.53	1	0	1	-93.4849
4.535	1	0	1	-93.4867
4.54	1	0	1	-93.4885
4.545	1	0	1	-93.4903
4.546	1	0	1	-93.4906
4.55	1	0	1	-93.492
4.555	1	0	1	-93.4938
4.56	1	0	1	-93.4956
4.565	1	0	1	-93.4974
4.57	1	0	1	-93.4992
4.575	1	0	1	-93.5009
4.58	1	0	1	-93.5027
4.585	1	0	1	-93.5045
4.59	1	0	1	-93.5063
4.595	1	0	1	-93.508
4.6	1	0	1	-93.5098
4.605	1	0	1	-93.5116
4.61	1	0	1	-93.5134
4.615	1	0	1	-93.5152
4.62	1	0	1	-93.5169
4.625	1	0	1	-93.5187
4.626	1	0	1	-93.5191
4.63	1	0	1	-93.5205
4.635	1	0	1	-93.5223
4.64	1	0	1	-93.5241
4.645	1	0	1	-93.5258
4.65	1	0	1	-93.5276
4.655	1	0	1	-93.5294
4.66	1	0	1	-93.5312
4.665	1	0	1	-93.533
4.67	1	0	1	-93.5348
4.675	1	0	1	-93.5365
4.68	1	0	1	-93.5383
4.685	1	0	1	-93.5401
4.69	1	0	1	-93.5419
4.695	1	0	1	-93.5437
4.7	1	0	1	-93.5455
4.705	1	0	1	-93.5472
4.706	1	0	1	-93.5476
4.71	1	0	1	-93.549
4.715	1	0	1	-93.5508
4.72	1	0	1	-93.5526
4.725	1	0	1	-93.5544
4.73	1	0	1	-93.5562
4.735	1	0	1	-93.5579
4.74	1	0	1	-93.5597
4.745	1	0	1	-93.5615
4.75	1	0	1	-93.5633
4.755	1	0	1	-93.5651
4.76	1	0	1	-93.5669
4.765	1	0	1	-93.5686
4.77	1	0	1	-93.5704
4.775	1	0	1	-93.5722
4.78	1	0	1	-93.574
4.785	1	0	1	-93.5758
4.786	1	0	1	-93.5761
4.79	1	0	1	-93.5776
4.795	1	0	1	-93.5794
4.8	1	0	1	-93.5811
4.805	1	0	1	-93.5829
4.81	1	0	1	-93.5847
4.815	1	0	1	-93.5865
4.82	1	0	1	-93.5883
4.825	1	0	1	-93.5901
4.83	1	0	1	-93.5919
4.835	1	0	1	-93.5937
4.84	1	0	1	-93.5954
4.845	1	0	1	-93.5972
4.85	1	0	1	-93.599
4.855	1	0	1	-93.6008
4.86	1	0	1	-93.6026
4.865	1	0	1	-93.6044
4.866	1	0	1	-93.6047
4.87	1	0	1	-93.6062
4.875	1	0	1	-93.608
4.88	1	0	1	-93.6098
4.885	1	0	1	-93.6115
4.89	1	0	1	-93.6133
4.895	1	0	1	-93.6151
4.9	1	0	1	-93.6169
4.905	1	0	1	-93.6187
4.91	1	0	1	-93.6205
4.915	1	0	1	-93.6223
4.92	1	0	1	-93.6241
4.925	1	0	1	-93.6259
4.93	1	0	1	-93.6277
4.935	1	0	1	-93.6294
4.94	1	0	1	-93.6312
4.945	1	0	1	-93.633
4.946	1	0	1	-93.6334
4.95	1	0	1	-93.6348
4.955	1	0	1	-93.6366
4.96	1	0	1	-93.6384
4.965	1	0	1	-93.6402
4.97	1	0	1	-93.642
4.975	1	0	1	-93.6438
4.98	1	0	1	-93.6456
4.985	1	0	1	-93.6474
4.99	1	0	1	-93.6492
4.995	1	0	1	-93.6509
5	1	0	1	-93.6527
5.005	1	0	1	-93.6545
5.01	1	0	1	-93.6563
5.015	1	0	1	-93.6581
5.02	1	0	1	-93.6599
5.025	1	0	1	-93.6617
5.026	1	0	1	-93.6621
5.03	1	0	1	-93.6635
5.035	1	0	1	-93.6653
5.04	1	0	1	-93.6671
5.045	1	0	1	-93.6689
5.05	1	0	1	-93.6707
5.055	1	0	1	-93.6725
5.06	1	0	1	-93.6743
5.065	1	0	1	-93.6761
5.07	1	0	1	-93.6779
5.075	1	0	1	-93.6797
5.08	1	0	1	-93.6814
5.085	1	0	1	-93.6832
5.09	1	0	1	-93.685
5.095	1	0	1	-93.6868
5.1	1	0	1	-93.6886
5.105	1	0	1	-93.6904
5.106	1	0	1	-93.6908
5.11	1	0	1	-93.6922
5.115	1	0	1	-93.694
5.12	1	0	1	-93.6958
5.125	1	0	1	-93.6976
5.13	1	0	1	-93.6994
5.135	1	0	1	-93.7012
5.14	1	0	1	-93.703
5.145	1	0	1	-93.7048
5.15	1	0	1	-93.7066
5.155	1	0	1	-93.7084
5.16	1	0	1	-93.7102
5.165	1	0	1	-93.712
5.17	1	0	1	-93.7138
5.175	1	0	1	-93.7156
5.18	1	0	1	-93.7174
5.185	1	0	1	-93.7192
5.186	1	0	1	-93.7195
5.19	1	0	1	-93.721
5.195	1	0	1	-93.7228
5.2	1	0	1	-93.7246
5.205	1	0	1	-93.7264
5.21	1	0	1	-93.7282
5.215	1	0	1	-93.73
5.22	1	0	1	-93.7318
5.225	1	0	1	-93.7336
5.23	1	0	1	-93.7354
5.235	1	0	1	-93.7372
5.24	1	0	1	-93.739
5.245	1	0	1	-93.7408
5.25	1	0	1	-93.7426
5.255	1	0	1	-93.7444
5.26	1	0	1	-93.7462
5.265	1	0	1	-93.748
5.266	1	0	1	-93.7483
5.27	1	0	1	-93.7498
5.275	1	0	1	-93.7516
5.28	1	0	1	-93.7534
5.285	1	0	1	-93.7552
5.29	1	0	1	-93.757
5.295	1	0	1	-93.7588
5.3	1	0	1	-93.7606
5.305	1	0	1	-93.7624
5.31	1	0	1	-93.7642
5.315	1	0	1	-93.766
5.32	1	0	1	-93.7678
5.325	1	0	1	-93.7696
5.33	1	0	1	-93.7714
5.335	1	0	1	-93.7732
5.34	1	0	1	-93.775
5.345	1	0	1	-93.7768
5.346	1	0	1	-93.7772
5.35	1	0	1	-93.7786
5.355	1	0	1	-93.7804
5.36	1	0	1	-93.7822
5.365	1	0	1	-93.784
5.37	1	0	1	-93.7858
5.375	1	0	1	-93.7876
5.38	1	0	1	-93.7895
5.385	1	0	1	-93.7913
5.39	1	0	1	-93.7931
5.395	1	0	1	-93.7949
5.4	1	0	1	-93.7967
5.405	1	0	1	-93.7985
5.41	1	0	1	-93.8003
5.415	1	0	1	-93.8021
5.42	1	0	1	-93.8039
5.425	1	0	1	-93.8057
5.426	1	0	1	-93.8061
5.43	1	0	1	-93.8075
5.435	1	0	1	-93.8093
5.44	1	0	1	-93.8111
5.445	1	0	1	-93.8129
5.45	1	0	1	-93.8147
5.455	1	0	1	-93.8165
5.46	1	0	1	-93.8183
5.465	1	0	1	-93.8202
5.47	1	0	1	-93.822
5.475	1	0	1	-93.8238
5.48	1	0	1	-93.8256
5.485	1	0	1	-93.8274
5.49	1	0	1	-93.8292
5.495	1	0	1	-93.831
5.5	1	0	1	-93.8328
5.505	1	0	1	-93.8346
5.506	1	0	1	-93.835
5.51	1	0	1	-93.8364
5.515	1	0	1	-93.8382
5.52	1	0	1	-93.84
5.525	1	0	1	-93.8419
5.53	1	0	1	-93.8437
5.535	1	0	1	-93.8455
5.54	1	0	1	-93.8473
5.545	1	0	1	-93.8491
5.55	1	0	1	-93.8509
5.555	1	0	1	-93.8527
5.56	1	0	1	-93.8545
5.565	1	0	1	-93.8563
5.57	1	0	1	-93.8581
5.575	1	0	1	-93.8599
5.58	1	0	1	-93.8618
5.585	1	0	1	-93.8636
5.586	1	0	1	-93.8639
5.59	1	0	1	-93.8654
5.595	1	0	1	-93.8672
5.6	1	0	1	-93.869
5.605	1	0	1	-93.8708
5.61	1	0	1	-93.8726
5.615	1	0	1	-93.8744
5.62	1	0	1	-93.8762
5.625	1	0	1	-93.8781
5.63	1	0	1	-93.8799
5.635	1	0	1	-93.8817
5.64	1	0	1	-93.8835
5.645	1	0	1	-93.8853
5.65	1	0	1	-93.8871
5.655	1	0	1	-93.8889
5.66	1	0	1	-93.8907
5.665	1	0	1	-93.8926
5.666	1	0	1	-93.8929
5.67	1	0	1	-93.8944
5.675	1	0	1	-93.8962
5.68	1	0	1	-93.898
5.685	1	0	1	-93.8998
5.69	1	0	1	-93.9016
5.695	1	0	1	-93.9034
5.7	1	0	1	-93.9052
5.705	1	0	1	-93.9071
5.71	1	0	1	-93.9089
5.715	1	0	1	-93.9107
5.72	1	0	1	-93.9125
5.725	1	0	1	-93.9143
5.73	1	0	1	-93.9161
5.735	1	0	1	-93.9179
5.74	1	0	1	-93.9198
5.745	1	0	1	-93.9216
5.746	1	0	1	-93.9219
5.75	1	0	1	-93.9234
5.755	1	0	1	-93.9252
5.76	1	0	1	-93.927
5.765	1	0	1	-93.9288
5.77	1	0	1	-93.9307
5.775	1	0	1	-93.9325
5.78	1	0	1	-93.9343
5.785	1	0	1	-93.9361
5.79	1	0	1	-93.9379
5.795	1	0	1	-93.9397
5.8	1	0	1	-93.9415
5.805	1	0	1	-93.9434
5.81	1	0	1	-93.9452
5.815	1	0	1	-93.947
5.82	1	0	1	-93.9488
5.825	1	0	1	-93.9506
5.826	1	0	1	-93.951
5.83	1	0	1	-93.9525
5.835	1	0	1	-93.9543
5.84	1	0	1	-93.9561
5.845	1	0	1	-93.9579
5.85	1	0	1	-93.9597
5.855	1	0	1	-93.9615
5.86	1	0	1	-93.9634
5.865	1	0	1	-93.9652
5.87	1	0	1	-93.967
5.875	1	0	1	-93.9688
5.88	1	0	1	-93.9706
5.885	1	0	1	-93.9724
5.89	1	0	1	-93.9743
5.895	1	0	1	-93.9761
5.9	1	0	1	-93.9779
5.905	1	0	1	-93.9797
5.906	1	0	1	-93.9801
5.91	1	0	1	-93.9815
5.915	1	0	1	-93.9834
5.92	1	0	1	-93.9852
5.925	1	0	1	-93.987
5.93	1	0	1	-93.9888
5.935	1	0	1	-93.9906
5.94	1	0	1	-93.9925
5.945	1	0	1	-93.9943
5.95	1	0	1	-93.9961
5.955	1	0	1	-93.9979
5.96	1	0	1	-93.9997
5.965	1	0	1	-94.0016
5.97	1	0	1	-94.0034
5.975	1	0	1	-94.0052
5.98	1	0	1	-94.007
5.985	1	0	1	-94.0088
5.986	1	0	1	-94.0092
5.99	1	0	1	-94.0107
5.995	1	0	1	-94.0125
6	1	0	1	-94.0143
6.005	1	0	1	-94.0161
6.01	1	0	1	-94.018
6.015	1	0	1	-94.0198
6.02	1	0	1	-94.0216
6.025	1	0	1	-94.0234
6.03	1	0	1	-94.0252
6.035	1	0	1	-94.0271
6.04	1	0	1	-94.0289
6.045	1	0	1	-94.0307
6.05	1	0	1	-94.0325
6.055	1	0	1	-94.0344
6.06	1	0	1	-94.0362
6.065	1	0	1	-94.038
6.066	1	0	1	-94.0384
6.07	1	0	1	-94.0398
6.075	1	0	1	-94.0417
6.08	1	0	1	-94.0435
6.085	1	0	1	-94.0453
6.09	1	0	1	-94.0471
6.095	1	0	1	-94.0489
6.1	1	0	1	-94.0508
6.105	1	0	1	-94.0526
6.11	1	0	1	-94.0544
6.115	1	0	1	-94.0562
6.12	1	0	1	-94.0581
6.125	1	0	1	-94.0599
6.13	1	0	1	-94.0617
6.135	1	0	1	-94.0635
6.14	1	0	1	-94.0654
6.145	1	0	1	-94.0672
6.146	1	0	1	-94.0676
6.15	1	0	1	-94.069
6.155	1	0	1	-94.0708
6.16	1	0	1	-94.0727
6.165	1	0	1	-94.0745
6.17	1	0	1	-94.0763
6.175	1	0	1	-94.0781
6.18	1	0	1	-94.08
6.185	1	0	1	-94.0818
6.19	1	0	1	-94.0836
6.195	1	0	1	-94.0855
6.2	1	0	1	-94.0873
6.205	1	0	1	-94.0891
6.21	1	0	1	-94.0909
6.215	1	0	1	-94.0928
6.22	1	0	1	-94.0946
6.225	1	0	1	-94.0964
6.226	1	0	1	-94.0968
6.23	1	0	1	-94.0982
6.235	1	0	1	-94.1001
6.24	1	0	1	-94.1019
6.245	1	0	1	-94.1037
6.25	1	0	1	-94.1056
6.255	1	0	1	-94.1074
6.26	1	0	1	-94.1092
6.265	1	0	1	-94.111
6.27	1	0	1	-94.1129
6.275	1	0	1	-94.1147
6.28	1	0	1	-94.1165
6.285	1	0	1	-94.1183
6.29	1	0	1	-94.1202
6.295	1	0	1	-94.122
6.3	1	0	1	-94.1238
6.305	1	0	1	-94.1257
6.306	1	0	1	-94.126
6.31	1	0	1	-94.1275
6.315	1	0	1	-94.1293
6.32	1	0	1	-94.1312
6.325	1	0	1	-94.133
6.33	1	0	1	-94.1348
6.335	1	0	1	-94.1366
6.34	1	0	1	-94.1385
6.345	1	0	1	-94.1403
6.35	1	0	1	-94.1421
6.355	1	0	1	-94.144
6.36	1	0	1	-94.1458
6.365	1	0	1	-94.1476
6.37	1	0	1	-94.1495
6.375	1	0	1	-94.1513
6.38	1	0	1	-94.1531
6.385	1	0	1	-94.1549
6.386	1	0	1	-94.1553
6.39	1	0	1	-94.1568
6.395	1	0	1	-94.1586
6.4	1	0	1	-94.1604
6.405	1	0	1	-94.1623
6.41	1	0	1	-94.1641
6.415	1	0	1	-94.1659
6.42	1	0	1	-94.1678
6.425	1	0	1	-94.1696
6.43	1	0	1	-94.1714
6.435	1	0	1	-94.1733
6.44	1	0	1	-94.1751
6.445	1	0	1	-94.1769
6.45	1	0	1	-94.1788
6.455	1	0	1	-94.1806
6.46	1	0	1	-94.1824
6.465	1	0	1	-94.1843
6.466	1	0	1	-94.1846
6.47	1	0	1	-94.1861
6.475	1	0	1	-94.1879
6.48	1	0	1	-94.1898
6.485	1	0	1	-94.1916
6.49	1	0	1	-94.1934
6.495	1	0	1	-94.1953
6.5	1	0	1	-94.1971
6.505	1	0	1	-94.1989
6.51	1	0	1	-94.2008
6.511	1	0	1	-94.2011
6.512	1	0	1	-94.2015
6.515	1	0	1	-94.2026
6.517	1	0	1	-94.2033
6.52	1	0	1	-94.2044
6.525	1	0	1	-94.2063
6.53	1	0	1	-94.2081
6.535	1	0	1	-94.2099
6.54	1	0	1	-94.2118
6.545	1	0	1	-94.2136
6.546	1	0	1	-94.214
6.55	1	0	1	-94.2154
6.555	1	0	1	-94.2173
6.56	1	0	1	-94.2191
6.565	1	0	1	-94.2209
6.57	1	0	1	-94.2228
6.575	1	0	1	-94.2246
6.58	1	0	1	-94.2264
6.585	1	0	1	-94.2283
6.59	1	0	1	-94.2301
6.595	1	0	1	-94.2319
6.6	1	0	1	-94.2338
6.605	1	0	1	-94.2356
6.61	1	0	1	-94.2375
6.615	1	0	1	-94.2393
6.62	1	0	1	-94.2411
6.625	1	0	1	-94.243
6.626	1	0	1	-94.2433
6.63	1	0	1	-94.2448
6.635	1	0	1	-94.2466
6.64	1	0	1	-94.2485
6.645	1	0	1	-94.2503
6.65	1	0	1	-94.2521
6.655	1	0	1	-94.254
6.66	1	0	1	-94.2558
6.665	1	0	1	-94.2577
6.67	1	0	1	-94.2595
6.675	1	0	1	-94.2613
6.68	1	0	1	-94.2632
6.685	1	0	1	-94.265
6.69	1	0	1	-94.2668
6.695	1	0	1	-94.2687
6.7	1	0	1	-94.2705
6.705	1	0	1	-94.2724
6.706	1	0	1	-94.2727
6.71	1	0	1	-94.2742
6.715	1	0	1	-94.276
6.72	1	0	1	-94.2779
6.725	1	0	1	-94.2797
6.73	1	0	1	-94.2815
6.735	1	0	1	-94.2834
6.74	1	0	1	-94.2852
6.745	1	0	1	-94.2871
6.75	1	0	1	-94.2889
6.755	1	0	1	-94.2907
6.76	1	0	1	-94.2926
6.765	1	0	1	-94.2944
6.77	1	0	1	-94.2963
6.775	1	0	1	-94.2981
6.78	1	0	1	-94.2999
6.785	1	0	1	-94.3018
6.786	1	0	1	-94.3021
6.79	1	0	1	-94.3036
6.795	1	0	1	-94.3055
6.8	1	0	1	-94.3073
6.805	1	0	1	-94.3091
6.81	1	0	1	-94.311
6.815	1	0	1	-94.3128
6.82	1	0	1	-94.3147
6.825	1	0	1	-94.3165
6.83	1	0	1	-94.3183
6.835	1	0	1	-94.3202
6.84	1	0	1	-94.322
6.845	1	0	1	-94.3239
6.85	1	0	1	-94.3257
6.855	1	0	1	-94.3275
6.86	1	0	1	-94.3294
6.865	1	0	1	-94.3312
6.866	1	0	1	-94.3316
6.87	1	0	1	-94.3331
6.875	1	0	1	-94.3349
6.88	1	0	1	-94.3367
6.885	1	0	1	-94.3386
6.89	1	0	1	-94.3404
6.895	1	0	1	-94.3423
6.9	1	0	1	-94.3441
6.905	1	0	1	-94.346
6.91	1	0	1	-94.3478
6.915	1	0	1	-94.3496
6.92	1	0	1	-94.3515
6.925	1	0	1	-94.3533
6.93	1	0	1	-94.3552
6.935	1	0	1	-94.357
6.94	1	0	1	-94.3589
6.945	1	0	1	-94.3607
6.946	1	0	1	-94.3611
6.95	1	0	1	-94.3625
6.955	1	0	1	-94.3644
6.96	1	0	1	-94.3662
6.965	1	0	1	-94.3681
6.97	1	0	1	-94.3699
6.975	1	0	1	-94.3718
6.98	1	0	1	-94.3736
6.985	1	0	1	-94.3754
6.99	1	0	1	-94.3773
6.995	1	0	1	-94.3791
7	1	0	1	-94.381
7.005	1	0	1	-94.3828
7.01	1	0	1	-94.3847
7.015	1	0	1	-94.3865
7.02	1	0	1	-94.3884
7.025	1	0	1	-94.3902
7.026	1	0	1	-94.3906
7.03	1	0	1	-94.392
7.035	1	0	1	-94.3939
7.04	1	0	1	-94.3957
7.045	1	0	1	-94.3976
7.05	1	0	1	-94.3994
7.055	1	0	1	-94.4013
7.06	1	0	1	-94.4031
7.065	1	0	1	-94.405
7.07	1	0	1	-94.4068
7.075	1	0	1	-94.4086
7.08	1	0	1	-94.4105
7.085	1	0	1	-94.4123
7.09	1	0	1	-94.4142
7.095	1	0	1	-94.416
7.1	1	0	1	-94.4179
7.105	1	0	1	-94.4197
7.106	1	0	1	-94.4201
7.11	1	0	1	-94.4216
7.115	1	0	1	-94.4234
7.12	1	0	1	-94.4253
7.125	1	0	1	-94.4271
7.13	1	0	1	-94.429
7.135	1	0	1	-94.4308
7.14	1	0	1	-94.4326
7.145	1	0	1	-94.4345
7.15	1	0	1	-94.4363
7.155	1	0	1	-94.4382
7.16	1	0	1	-94.44
7.165	1	0	1	-94.4419
7.17	1	0	1	-94.4437
7.175	1	0	1	-94.4456
7.18	1	0	1	-94.4474
7.185	1	0	1	-94.4493
7.186	1	0	1	-94.4496
7.19	1	0	1	-94.4511
7.195	1	0	1	-94.453
7.2	1	0	1	-94.4548
7.205	1	0	1	-94.4567
7.21	1	0	1	-94.4585
7.215	1	0	1	-94.4604
7.22	1	0	1	-94.4622
7.225	1	0	1	-94.4641
7.23	1	0	1	-94.4659
7.235	1	0	1	-94.4677
7.24	1	0	1	-94.4696
7.245	1	0	1	-94.4714
7.25	1	0	1	-94.4733
7.255	1	0	1	-94.4751
7.26	1	0	1	-94.477
7.265	1	0	1	-94.4788
7.266	1	0	1	-94.4792
7.27	1	0	1	-94.4807
7.275	1	0	1	-94.4825
7.28	1	0	1	-94.4844
7.285	1	0	1	-94.4862
7.29	1	0	1	-94.4881
7.295	1	0	1	-94.4899
7.3	1	0	1	-94.4918
7.305	1	0	1	-94.4936
7.31	1	0	1	-94.4955
7.315	1	0	1	-94.4973
7.32	1	0	1	-94.4992
7.325	1	0	1	-94.501
7.33	1	0	1	-94.5029
7.335	1	0	1	-94.5047
7.34	1	0	1	-94.5066
7.345	1	0	1	-94.5084
7.346	1	0	1	-94.5088
7.35	1	0	1	-94.5103
7.355	1	0	1	-94.5121
7.36	1	0	1	-94.514
7.365	1	0	1	-94.5158
7.37	1	0	1	-94.5177
7.375	1	0	1	-94.5195
7.38	1	0	1	-94.5214
7.385	1	0	1	-94.5232
7.39	1	0	1	-94.5251
7.395	1	0	1	-94.5269
7.4	1	0	1	-94.5288
7.405	1	0	1	-94.5306
7.41	1	0	1	-94.5325
7.415	1	0	1	-94.5343
7.42	1	0	1	-94.5362
7.425	1	0	1	-94.5381
7.426	1	0	1	-94.5384
7.43	1	0	1	-94.5399
7.435	1	0	1	-94.5418
7.44	1	0	1	-94.5436
7.445	1	0	1	-94.5455
7.45	1	0	1	-94.5473
7.455	1	0	1	-94.5492
7.46	1	0	1	-94.551
7.465	1	0	1	-94.5529
7.47	1	0	1	-94.5547
7.475	1	0	1	-94.5566
7.48	1	0	1	-94.5584
7.485	1	0	1	-94.5603
7.49	1	0	1	-94.5621
7.495	1	0	1	-94.564
7.5	1	0	1	-94.5658
7.505	1	0	1	-94.5677
7.506	1	0	1	-94.5681
7.51	1	0	1	-94.5695
7.515	1	0	1	-94.5714
7.52	1	0	1	-94.5733
7.525	1	0	1	-94.5751
7.53	1	0	1	-94.577
7.535	1	0	1	-94.5788
7.54	1	0	1	-94.5807
7.545	1	0	1	-94.5825
7.55	1	0	1	-94.5844
7.555	1	0	1	-94.5862
7.56	1	0	1	-94.5881
7.565	1	0	1	-94.5899
7.57	1	0	1	-94.5918
7.575	1	0	1	-94.5936
7.58	1	0	1	-94.5955
7.585	1	0	1	-94.5974
7.586	1	0	1	-94.5977
7.59	1	0	1	-94.5992
7.595	1	0	1	-94.6011
7.6	1	0	1	-94.6029
7.605	1	0	1	-94.6048
7.61	1	0	1	-94.6066
7.615	1	0	1	-94.6085
7.62	1	0	1	-94.6103
7.625	1	0	1	-94.6122
7.63	1	0	1	-94.614
7.635	1	0	1	-94.6159
7.64	1	0	1	-94.6178
7.645	1	0	1	-94.6196
7.65	1	0	1	-94.6215
7.655	1	0	1	-94.6233
7.66	1	0	1	-94.6252
7.665	1	0	1	-94.627
7.666	1	0	1	-94.6274
7.67	1	0	1	-94.6289
7.675	1	0	1	-94.6307
7.68	1	0	1	-94.6326
7.685	1	0	1	-94.6345
7.69	1	0	1	-94.6363
7.695	1	0	1	-94.6382
7.7	1	0	1	-94.64
7.705	1	0	1	-94.6419
7.71	1	0	1	-94.6437
7.715	1	0	1	-94.6456
7.72	1	0	1	-94.6474
7.725	1	0	1	-94.6493
7.73	1	0	1	-94.6512
7.735	1	0	1	-94.653
7.74	1	0	1	-94.6549
7.745	1	0	1	-94.6567
7.746	1	0	1	-94.6571
7.75	1	0	1	-94.6586
7.755	1	0	1	-94.6604
7.76	1	0	1	-94.6623
7.765	1	0	1	-94.6642
7.77	1	0	1	-94.666
7.775	1	0	1	-94.6679
7.78	1	0	1	-94.6697
7.785	1	0	1	-94.6716
7.79	1	0	1	-94.6734
7.795	1	0	1	-94.6753
7.8	1	0	1	-94.6772
7.805	1	0	1	-94.679
7.81	1	0	1	-94.6809
7.815	1	0	1	-94.6827
7.82	1	0	1	-94.6846
7.825	1	0	1	-94.6865
7.826	1	0	1	-94.6868
7.83	1	0	1	-94.6883
7.835	1	0	1	-94.6902
7.84	1	0	1	-94.692
7.845	1	0	1	-94.6939
7.85	1	0	1	-94.6957
7.855	1	0	1	-94.6976
7.86	1	0	1	-94.6995
7.865	1	0	1	-94.7013
7.87	1	0	1	-94.7032
7.875	1	0	1	-94.705
7.88	1	0	1	-94.7069
7.885	1	0	1	-94.7088
7.89	1	0	1	-94.7106
7.895	1	0	1	-94.7125
7.9	1	0	1	-94.7143
7.905	1	0	1	-94.7162
7.906	1	0	1	-94.7166
7.91	1	0	1	-94.718
7.915	1	0	1	-94.7199
7.92	1	0	1	-94.7218
7.925	1	0	1	-94.7236
7.93	1	0	1	-94.7255
7.935	1	0	1	-94.7273
7.94	1	0	1	-94.7292
7.945	1	0	1	-94.7311
7.95	1	0	1	-94.7329
7.955	1	0	1	-94.7348
7.96	1	0	1	-94.7366
7.965	1	0	1	-94.7385
7.97	1	0	1	-94.7404
7.975	1	0	1	-94.7422
7.98	1	0	1	-94.7441
7.985	1	0	1	-94.7459
7.986	1	0	1	-94.7463
7.99	1	0	1	-94.7478
7.995	1	0	1	-94.7497
8	1	0	1	-94.7515
8.005	1	0	1	-94.7534
8.01	1	0	1	-94.7552
8.015	1	0	1	-94.7571
8.02	1	0	1	-94.759
8.025	1	0	1	-94.7608
8.03	1	0	1	-94.7627
8.035	1	0	1	-94.7646
8.04	1	0	1	-94.7664
8.045	1	0	1	-94.7683
8.05	1	0	1	-94.7701
8.055	1	0	1	-94.772
8.06	1	0	1	-94.7739
8.065	1	0	1	-94.7757
8.066	1	0	1	-94.7761
8.07	1	0	1	-94.7776
8.075	1	0	1	-94.7794
8.08	1	0	1	-94.7813
8.085	1	0	1	-94.7832
8.09	1	0	1	-94.785
8.095	1	0	1	-94.7869
8.1	1	0	1	-94.7888
8.105	1	0	1	-94.7906
8.11	1	0	1	-94.7925
8.115	1	0	1	-94.7943
8.12	1	0	1	-94.7962
8.125	1	0	1	-94.7981
8.13	1	0	1	-94.7999
8.135	1	0	1	-94.8018
8.14	1	0	1	-94.8037
8.145	1	0	1	-94.8055
8.146	1	0	1	-94.8059
8.15	1	0	1	-94.8074
8.155	1	0	1	-94.8092
8.16	1	0	1	-94.8111
8.165	1	0	1	-94.813
8.17	1	0	1	-94.8148
8.175	1	0	1	-94.8167
8.18	1	0	1	-94.8186
8.185	1	0	1	-94.8204
8.19	1	0	1	-94.8223
8.195	1	0	1	-94.8241
8.2	1	0	1	-94.826
8.205	1	0	1	-94.8279
8.21	1	0	1	-94.8297
8.215	1	0	1	-94.8316
8.22	1	0	1	-94.8335
8.225	1	0	1	-94.8353
8.226	1	0	1	-94.8357
8.23	1	0	1	-94.8372
8.235	1	0	1	-94.8391
8.24	1	0	1	-94.8409
8.245	1	0	1	-94.8428
8.25	1	0	1	-94.8446
8.255	1	0	1	-94.8465
8.26	1	0	1	-94.8484
8.265	1	0	1	-94.8502
8.27	1	0	1	-94.8521
8.275	1	0	1	-94.854
8.28	1	0	1	-94.8558
8.285	1	0	1	-94.8577
8.29	1	0	1	-94.8596
8.295	1	0	1	-94.8614
8.3	1	0	1	-94.8633
8.305	1	0	1	-94.8652
8.306	1	0	1	-94.8655
8.31	1	0	1	-94.867
8.315	1	0	1	-94.8689
8.32	1	0	1	-94.8707
8.325	1	0	1	-94.8726
8.33	1	0	1	-94.8745
8.335	1	0	1	-94.8763
8.34	1	0	1	-94.8782
8.345	1	0	1	-94.8801
8.35	1	0	1	-94.8819
8.355	1	0	1	-94.8838
8.36	1	0	1	-94.8857
8.365	1	0	1	-94.8875
8.37	1	0	1	-94.8894
8.375	1	0	1	-94.8913
8.38	1	0	1	-94.8931
8.385	1	0	1	-94.895
8.386	1	0	1	-94.8954
8.39	1	0	1	-94.8969
8.395	1	0	1	-94.8987
8.4	1	0	1	-94.9006
8.405	1	0	1	-94.9025
8.41	1	0	1	-94.9043
8.415	1	0	1	-94.9062
8.42	1	0	1	-94.9081
8.425	1	0	1	-94.9099
8.43	1	0	1	-94.9118
8.435	1	0	1	-94.9137
8.44	1	0	1	-94.9155
8.445	1	0	1	-94.9174
8.45	1	0	1	-94.9192
8.455	1	0	1	-94.9211
8.46	1	0	1	-94.923
8.465	1	0	1	-94.9248
8.466	1	0	1	-94.9252
8.47	1	0	1	-94.9267
8.475	1	0	1	-94.9286
8.48	1	0	1	-94.9304
8.485	1	0	1	-94.9323
8.49	1	0	1	-94.9342
8.495	1	0	1	-94.936
8.5	1	0	1	-94.9379
8.505	1	0	1	-94.9398
8.51	1	0	1	-94.9417
8.515	1	0	1	-94.9435
8.516	1	0	1	-94.9439
8.517	1	0	1	-94.9443
8.52	1	0	1	-94.9454
8.522	1	0	1	-94.9461
8.525	1	0	1	-94.9473
8.53	1	0	1	-94.9491
8.535	1	0	1	-94.951
8.54	1	0	1	-94.9529
8.545	1	0	1	-94.9547
8.546	1	0	1	-94.9551
8.55	1	0	1	-94.9566
8.555	1	0	1	-94.9585
8.56	1	0	1	-94.9603
8.565	1	0	1	-94.9622
8.57	1	0	1	-94.9641
8.575	1	0	1	-94.9659
8.58	1	0	1	-94.9678
8.585	1	0	1	-94.9697
8.59	1	0	1	-94.9715
8.595	1	0	1	-94.9734
8.6	1	0	1	-94.9753
8.605	1	0	1	-94.9771
8.61	1	0	1	-94.979
8.615	1	0	1	-94.9809
8.62	1	0	1	-94.9827
8.625	1	0	1	-94.9846
8.626	1	0	1	-94.985
8.63	1	0	1	-94.9865
8.635	1	0	1	-94.9883
8.64	1	0	1	-94.9902
8.645	1	0	1	-94.9921
8.65	1	0	1	-94.994
8.655	1	0	1	-94.9958
8.66	1	0	1	-94.9977
8.665	1	0	1	-94.9996
8.67	1	0	1	-95.0014
8.675	1	0	1	-95.0033
8.68	1	0	1	-95.0052
8.685	1	0	1	-95.007
8.69	1	0	1	-95.0089
8.695	1	0	1	-95.0108
8.7	1	0	1	-95.0126
8.705	1	0	1	-95.0145
8.706	1	0	1	-95.0149
8.71	1	0	1	-95.0164
8.715	1	0	1	-95.0182
8.72	1	0	1	-95.0201
8.725	1	0	1	-95.022
8.73	1	0	1	-95.0239
8.735	1	0	1	-95.0257
8.74	1	0	1	-95.0276
8.745	1	0	1	-95.0295
8.75	1	0	1	-95.0313
8.755	1	0	1	-95.0332
8.76	1	0	1	-95.0351
8.765	1	0	1	-95.0369
8.77	1	0	1	-95.0388
8.775	1	0	1	-95.0407
8.78	1	0	1	-95.0426
8.785	1	0	1	-95.0444
8.786	1	0	1	-95.0448
8.79	1	0	1	-95.0463
8.795	1	0	1	-95.0482
8.8	1	0	1	-95.05
8.805	1	0	1	-95.0519
8.81	1	0	1	-95.0538
8.815	1	0	1	-95.0556
8.82	1	0	1	-95.0575
8.825	1	0	1	-95.0594
8.83	1	0	1	-95.0613
8.835	1	0	1	-95.0631
8.84	1	0	1	-95.065
8.845	1	0	1	-95.0669
8.85	1	0	1	-95.0687
8.855	1	0	1	-95.0706
8.86	1	0	1	-95.0725
8.865	1	0	1	-95.0743
8.866	1	0	1	-95.0747
8.87	1	0	1	-95.0762
8.875	1	0	1	-95.0781
8.88	1	0	1	-95.08
8.885	1	0	1	-95.0818
8.89	1	0	1	-95.0837
8.895	1	0	1	-95.0856
8.9	1	0	1	-95.0874
8.905	1	0	1	-95.0893
8.91	1	0	1	-95.0912
8.915	1	0	1	-95.0931
8.92	1	0	1	-95.0949
8.925	1	0	1	-95.0968
8.93	1	0	1	-95.0987
8.935	1	0	1	-95.1005
8.94	1	0	1	-95.1024
8.945	1	0	1	-95.1043
8.946	1	0	1	-95.1047
8.95	1	0	1	-95.1062
8.955	1	0	1	-95.108
8.96	1	0	1	-95.1099
8.965	1	0	1	-95.1118
8.97	1	0	1	-95.1136
8.975	1	0	1	-95.1155
8.98	1	0	1	-95.1174
8.985	1	0	1	-95.1193
8.99	1	0	1	-95.1211
8.995	1	0	1	-95.123
9	1	0	1	-95.1249
9.005	1	0	1	-95.1268
9.01	1	0	1	-95.1286
9.015	1	0	1	-95.1305
9.02	1	0	1	-95.1324
9.025	1	0	1	-95.1342
9.026	1	0	1	-95.1346
9.03	1	0	1	-95.1361
9.035	1	0	1	-95.138
9.04	1	0	1	-95.1399
9.045	1	0	1	-95.1417
9.05	1	0	1	-95.1436
9.055	1	0	1	-95.1455
9.06	1	0	1	-95.1473
9.065	1	0	1	-95.1492
9.07	1	0	1	-95.1511
9.075	1	0	1	-95.153
9.08	1	0	1	-95.1548
9.085	1	0	1	-95.1567
9.09	1	0	1	-95.1586
9.095	1	0	1	-95.1605
9.1	1	0	1	-95.1623
9.105	1	0	1	-95.1642
9.106	1	0	1	-95.1646
9.11	1	0	1	-95.1661
9.115	1	0	1	-95.1679
9.12	1	0	1	-95.1698
9.125	1	0	1	-95.1717
9.13	1	0	1	-95.1736
9.135	1	0	1	-95.1754
9.14	1	0	1	-95.1773
9.145	1	0	1	-95.1792
9.15	1	0	1	-95.1811
9.155	1	0	1	-95.1829
9.16	1	0	1	-95.1848
9.165	1	0	1	-95.1867
9.17	1	0	1	-95.1886
9.175	1	0	1	-95.1904
9.18	1	0	1	-95.1923
9.185	1	0	1	-95.1942
9.186	1	0	1	-95.1946
9.19	1	0	1	-95.196
9.195	1	0	1	-95.1979
9.2	1	0	1	-95.1998
9.205	1	0	1	-95.2017
9.21	1	0	1	-95.2035
9.215	1	0	1	-95.2054
9.22	1	0	1	-95.2073
9.225	1	0	1	-95.2092
9.23	1	0	1	-95.211
9.235	1	0	1	-95.2129
9.24	1	0	1	-95.2148
9.245	1	0	1	-95.2167
9.25	1	0	1	-95.2185
9.255	1	0	1	-95.2204
9.26	1	0	1	-95.2223
9.265	1	0	1	-95.2242
9.266	1	0	1	-95.2245
9.27	1	0	1	-95.226
9.275	1	0	1	-95.2279
9.28	1	0	1	-95.2298
9.285	1	0	1	-95.2317
9.29	1	0	1	-95.2335
9.295	1	0	1	-95.2354
9.3	1	0	1	-95.2373
9.305	1	0	1	-95.2392
9.31	1	0	1	-95.241
9.315	1	0	1	-95.2429
9.32	1	0	1	-95.2448
9.325	1	0	1	-95.2467
9.33	1	0	1	-95.2485
9.335	1	0	1	-95.2504
9.34	1	0	1	-95.2523
9.345	1	0	1	-95.2542
9.346	1	0	1	-95.2545
9.35	1	0	1	-95.256
9.355	1	0	1	-95.2579
9.36	1	0	1	-95.2598
9.365	1	0	1	-95.2617
9.37	1	0	1	-95.2635
9.375	1	0	1	-95.2654
9.38	1	0	1	-95.2673
9.385	1	0	1	-95.2692
9.39	1	0	1	-95.271
9.395	1	0	1	-95.2729
9.4	1	0	1	-95.2748
9.405	1	0	1	-95.2767
9.41	1	0	1	-95.2785
9.415	1	0	1	-95.2804
9.42	1	0	1	-95.2823
9.425	1	0	1	-95.2842
9.426	1	0	1	-95.2845
9.43	1	0	1	-95.286
9.435	1	0	1	-95.2879
9.44	1	0	1	-95.2898
9.445	1	0	1	-95.2917
9.45	1	0	1	-95.2935
9.455	1	0	1	-95.2954
9.46	1	0	1	-95.2973
9.465	1	0	1	-95.2992
9.47	1	0	1	-95.301
9.475	1	0	1	-95.3029
9.48	1	0	1	-95.3048
9.485	1	0	1	-95.3067
9.49	1	0	1	-95.3085
9.495	1	0	1	-95.3104
9.5	1	0	1	-95.3123
9.505	1	0	1	-95.3142
9.506	1	0	1	-95.3145
9.51	1	0	1	-95.316
9.515	1	0	1	-95.3179
9.52	1	0	1	-95.3198
9.525	1	0	1	-95.3217
9.53	1	0	1	-95.3236
9.535	1	0	1	-95.3254
9.54	1	0	1	-95.3273
9.545	1	0	1	-95.3292
9.55	1	0	1	-95.3311
9.555	1	0	1	-95.3329
9.56	1	0	1	-95.3348
9.565	1	0	1	-95.3367
9.57	1	0	1	-95.3386
9.575	1	0	1	-95.3404
9.58	1	0	1	-95.3423
9.585	1	0	1	-95.3442
9.586	1	0	1	-95.3446
9.59	1	0	1	-95.3461
9.595	1	0	1	-95.3479
9.6	1	0	1	-95.3498
9.605	1	0	1	-95.3517
9.61	1	0	1	-95.3536
9.615	1	0	1	-95.3555
9.62	1	0	1	-95.3573
9.625	1	0	1	-95.3592
9.63	1	0	1	-95.3611
9.635	1	0	1	-95.363
9.64	1	0	1	-95.3648
9.645	1	0	1	-95.3667
9.65	1	0	1	-95.3686
9.655	1	0	1	-95.3705
9.66	1	0	1	-95.3723
9.665	1	0	1	-95.3742
9.666	1	0	1	-95.3746
9.67	1	0	1	-95.3761
9.675	1	0	1	-95.378
9.68	1	0	1	-95.3799
9.685	1	0	1	-95.3817
9.69	1	0	1	-95.3836
9.695	1	0	1	-95.3855
9.7	1	0	1	-95.3874
9.705	1	0	1	-95.3892
9.71	1	0	1	-95.3911
9.715	1	0	1	-95.393
9.72	1	0	1	-95.3949
9.725	1	0	1	-95.3968
9.73	1	0	1	-95.3986
9.735	1	0	1	-95.4005
9.74	1	0	1	-95.4024
9.745	1	0	1	-95.4043
9.746	1	0	1	-95.4046
9.75	1	0	1	-95.4061
9.755	1	0	1	-95.408
9.76	1	0	1	-95.4099
9.765	1	0	1	-95.4118
9.77	1	0	1	-95.4136
9.775	1	0	1	-95.4155
9.78	1	0	1	-95.4174
9.785	1	0	1	-95.4193
9.79	1	0	1	-95.4212
9.795	1	0	1	-95.423
9.8	1	0	1	-95.4249
9.805	1	0	1	-95.4268
9.81	1	0	1	-95.4287
9.815	1	0	1	-95.4306
9.82	1	0	1	-95.4324
9.825	1	0	1	-95.4343
9.826	1	0	1	-95.4347
9.83	1	0	1	-95.4362
9.835	1	0	1	-95.4381
9.84	1	0	1	-95.4399
9.845	1	0	1	-95.4418
9.85	1	0	1	-95.4437
9.855	1	0	1	-95.4456
9.86	1	0	1	-95.4475
9.865	1	0	1	-95.4493
9.87	1	0	1	-95.4512
9.875	1	0	1	-95.4531
9.88	1	0	1	-95.455
9.885	1	0	1	-95.4568
9.89	1	0	1	-95.4587
9.895	1	0	1	-95.4606
9.9	1	0	1	-95.4625
9.905	1	0	1	-95.4644
9.906	1	0	1	-95.4647
9.91	1	0	1	-95.4662
9.915	1	0	1	-95.4681
9.92	1	0	1	-95.47
9.925	1	0	1	-95.4719
9.93	1	0	1	-95.4738
9.935	1	0	1	-95.4756
9.94	1	0	1	-95.4775
9.945	1	0	1	-95.4794
9.95	1	0	1	-95.4813
9.955	1	0	1	-95.4831
9.96	1	0	1	-95.485
9.965	1	0	1	-95.4869
9.97	1	0	1	-95.4888
9.975	1	0	1	-95.4907
9.98	1	0	1	-95.4925
9.985	1	0	1	-95.4944
9.986	1	0	1	-95.4948
9.99	1	0	1	-95.4963
9.995	1	0	1	-95.4982
10	1	0	1	-95.5001
10.005	1	0	1	-95.5019
10.01	1	0	1	-95.5038
10.015	1	0	1	-95.5057
10.02	1	0	1	-95.5076
10.025	1	0	1	-95.5095
10.03	1	0	1	-95.5113
10.035	1	0	1	-95.5132
10.04	1	0	1	-95.5151
10.045	1	0	1	-95.517
10.05	1	0	1	-95.5188
10.055	1	0	1	-95.5207
10.06	1	0	1	-95.5226
10.065	1	0	1	-95.5245
10.066	1	0	1	-95.5249
10.07	1	0	1	-95.5264
10.075	1	0	1	-95.5282
10.08	1	0	1	-95.5301
10.085	1	0	1	-95.532
10.09	1	0	1	-95.5339
10.095	1	0	1	-95.5358
10.1	1	0	1	-95.5376
10.105	1	0	1	-95.5395
10.11	1	0	1	-95.5414
10.115	1	0	1	-95.5433
10.12	1	0	1	-95.5452
10.125	1	0	1	-95.547
10.13	1	0	1	-95.5489
10.135	1	0	1	-95.5508
10.14	1	0	1	-95.5527
10.145	1	0	1	-95.5546
10.146	1	0	1	-95.5549
10.15	1	0	1	-95.5564
10.155	1	0	1	-95.5583
10.16	1	0	1	-95.5602
10.165	1	0	1	-95.5621
10.17	1	0	1	-95.564
10.175	1	0	1	-95.5658
10.18	1	0	1	-95.5677
10.185	1	0	1	-95.5696
10.19	1	0	1	-95.5715
10.195	1	0	1	-95.5734
10.2	1	0	1	-95.5752
10.205	1	0	1	-95.5771
10.21	1	0	1	-95.579
10.215	1	0	1	-95.5809
10.22	1	0	1	-95.5828
10.225	1	0	1	-95.5846
10.226	1	0	1	-95.585
10.23	1	0	1	-95.5865
10.235	1	0	1	-95.5884
10.24	1	0	1	-95.5903
10.245	1	0	1	-95.5922
10.25	1	0	1	-95.594
10.255	1	0	1	-95.5959
10.26	1	0	1	-95.5978
10.265	1	0	1	-95.5997
10.27	1	0	1	-95.6016
10.275	1	0	1	-95.6034
10.28	1	0	1	-95.6053
10.285	1	0	1	-95.6072
10.29	1	0	1	-95.6091
10.295	1	0	1	-95.611
10.3	1	0	1	-95.6128
10.305	1	0	1	-95.6147
10.306	1	0	1	-95.6151
10.31	1	0	1	-95.6166
10.315	1	0	1	-95.6185
10.32	1	0	1	-95.6204
10.325	1	0	1	-95.6222
10.33	1	0	1	-95.6241
10.335	1	0	1	-95.626
10.34	1	0	1	-95.6279
10.345	1	0	1	-95.6298
10.35	1	0	1	-95.6316
10.355	1	0	1	-95.6335
10.36	1	0	1	-95.6354
10.365	1	0	1	-95.6373
10.37	1	0	1	-95.6392
10.375	1	0	1	-95.641
10.38	1	0	1	-95.6429
10.385	1	0	1	-95.6448
10.386	1	0	1	-95.6452
10.39	1	0	1	-95.6467
10.395	1	0	1	-95.6486
10.4	1	0	1	-95.6504
10.405	1	0	1	-95.6523
10.41	1	0	1	-95.6542
10.415	1	0	1	-95.6561
10.42	1	0	1	-95.658
10.425	1	0	1	-95.6598
10.43	1	0	1	-95.6617
10.435	1	0	1	-95.6636
10.44	1	0	1	-95.6655
10.445	1	0	1	-95.6674
10.45	1	0	1	-95.6692
10.455	1	0	1	-95.6711
10.46	1	0	1	-95.673
10.465	1	0	1	-95.6749
10.466	1	0	1	-95.6753
10.47	1	0	1	-95.6768
10.475	1	0	1	-95.6786
10.48	1	0	1	-95.6805
10.485	1	0	1	-95.6824
10.49	1	0	1	-95.6843
10.495	1	0	1	-95.6862
10.5	1	0	1	-95.6881
10.505	1	0	1	-95.6862
10.51	1	0	1	-95.6843
10.515	1	0	1	-95.6824
10.52	1	0	1	-95.6805
10.521	1	0	1	-95.6802
10.522	1	0	1	-95.6798
10.525	1	0	1	-95.6786
10.526	1	0	1	-95.6783
10.527	1	0	1	-95.6779
10.53	1	0	1	-95.6768
10.531	1	0	1	-95.6764
10.532	1	0	1	-95.676
10.535	1	0	1	-95.6749
10.536	1	0	1	-95.6745
10.537	1	0	1	-95.6741
10.54	1	0	1	-95.673
10.545	1	0	1	-95.6711
10.546	1	0	1	-95.6708
10.55	1	0	1	-95.6692
10.555	1	0	1	-95.6674
10.56	1	0	1	-95.6655
10.565	1	0	1	-95.6636
10.57	1	0	1	-95.6617
10.575	1	0	1	-95.6598
10.58	1	0	1	-95.658
10.585	1	0	1	-95.6561
10.59	1	0	1	-95.6542
10.595	1	0	1	-95.6523
10.6	1	0	1	-95.6504
10.605	1	0	1	-95.6486
10.61	1	0	1	-95.6467
10.615	1	0	1	-95.6448
10.62	1	0	1	-95.6429
10.625	1	0	1	-95.641
10.626	1	0	1	-95.6407
10.63	1	0	1	-95.6392
10.635	1	0	1	-95.6373
10.64	1	0	1	-95.6354
10.645	1	0	1	-95.6335
10.65	1	0	1	-95.6316
10.655	1	0	1	-95.6298
10.66	1	0	1	-95.6279
10.665	1	0	1	-95.626
10.67	1	0	1	-95.6241
10.675	1	0	1	-95.6222
10.68	1	0	1	-95.6204
10.685	1	0	1	-95.6185
10.69	1	0	1	-95.6166
10.695	1	0	1	-95.6147
10.7	1	0	1	-95.6128
10.705	1	0	1	-95.611
10.706	1	0	1	-95.6106
10.71	1	0	1	-95.6091
10.715	1	0	1	-95.6072
10.72	1	0	1	-95.6053
10.725	1	0	1	-95.6034
10.73	1	0	1	-95.6016
10.735	1	0	1	-95.5997
10.74	1	0	1	-95.5978
10.745	1	0	1	-95.5959
10.75	1	0	1	-95.594
10.755	1	0	1	-95.5922
10.76	1	0	1	-95.5903
10.765	1	0	1	-95.5884
10.77	1	0	1	-95.5865
10.775	1	0	1	-95.5846
10.78	1	0	1	-95.5828
10.785	1	0	1	-95.5809
10.786	1	0	1	-95.5805
10.79	1	0	1	-95.579
10.795	1	0	1	-95.5771
10.8	1	0	1	-95.5752
10.805	1	0	1	-95.5734
10.81	1	0	1	-95.5715
10.815	1	0	1	-95.5696
10.82	1	0	1	-95.5677
10.825	1	0	1	-95.5658
10.83	1	0	1	-95.564
10.835	1	0	1	-95.5621
10.84	1	0	1	-95.5602
10.845	1	0	1	-95.5583
10.85	1	0	1	-95.5564
10.855	1	0	1	-95.5546
10.86	1	0	1	-95.5527
10.865	1	0	1	-95.5508
10.866	1	0	1	-95.5504
10.87	1	0	1	-95.5489
10.875	1	0	1	-95.547
10.88	1	0	1	-95.5452
10.885	1	0	1	-95.5433
10.89	1	0	1	-95.5414
10.895	1	0	1	-95.5395
10.9	1	0	1	-95.5376
10.905	1	0	1	-95.5358
10.91	1	0	1	-95.5339
10.915	1	0	1	-95.532
10.92	1	0	1	-95.5301
10.925	1	0	1	-95.5282
10.93	1	0	1	-95.5264
10.935	1	0	1	-95.5245
10.94	1	0	1	-95.5226
10.945	1	0	1	-95.5207
10.946	1	0	1	-95.5203
10.95	1	0	1	-95.5188
10.955	1	0	1	-95.517
10.96	1	0	1	-95.5151
10.965	1	0	1	-95.5132
10.97	1	0	1	-95.5113
10.975	1	0	1	-95.5095
10.98	1	0	1	-95.5076
10.985	1	0	1	-95.5057
10.99	1	0	1	-95.5038
10.995	1	0	1	-95.5019
11	1	0	1	-95.5001
11.005	1	0	1	-95.4982
11.01	1	0	1	-95.4963
11.015	1	0	1	-95.4944
11.02	1	0	1	-95.4925
11.025	1	0	1	-95.4907
11.026	1	0	1	-95.4903
11.03	1	0	1	-95.4888
11.035	1	0	1	-95.4869
11.04	1	0	1	-95.485
11.045	1	0	1	-95.4831
11.05	1	0	1	-95.4813
11.055	1	0	1	-95.4794
11.06	1	0	1	-95.4775
11.065	1	0	1	-95.4756
11.07	1	0	1	-95.4738
11.075	1	0	1	-95.4719
11.08	1	0	1	-95.47
11.085	1	0	1	-95.4681
11.09	1	0	1	-95.4662
11.095	1	0	1	-95.4644
11.1	1	0	1	-95.4625
11.105	1	0	1	-95.4606
11.106	1	0	1	-95.4602
11.11	1	0	1	-95.4587
11.115	1	0	1	-95.4568
11.12	1	0	1	-95.455
11.125	1	0	1	-95.4531
11.13	1	0	1	-95.4512
11.135	1	0	1	-95.4493
11.14	1	0	1	-95.4475
11.145	1	0	1	-95.4456
11.15	1	0	1	-95.4437
11.155	1	0	1	-95.4418
11.16	1	0	1	-95.4399
11.165	1	0	1	-95.4381
11.17	1	0	1	-95.4362
11.175	1	0	1	-95.4343
11.18	1	0	1	-95.4324
11.185	1	0	1	-95.4306
11.186	1	0	1	-95.4302
11.19	1	0	1	-95.4287
11.195	1	0	1	-95.4268
11.2	1	0	1	-95.4249
11.205	1	0	1	-95.423
11.21	1	0	1	-95.4212
11.215	1	0	1	-95.4193
11.22	1	0	1	-95.4174
11.225	1	0	1	-95.4155
11.23	1	0	1	-95.4136
11.235	1	0	1	-95.4118
11.24	1	0	1	-95.4099
11.245	1	0	1	-95.408
11.25	1	0	1	-95.4061
11.255	1	0	1	-95.4043
11.26	1	0	1	-95.4024
11.265	1	0	1	-95.4005
11.266	1	0	1	-95.4001
11.27	1	0	1	-95.3986
11.275	1	0	1	-95.3968
11.28	1	0	1	-95.3949
11.285	1	0	1	-95.393
11.29	1	0	1	-95.3911
11.295	1	0	1	-95.3892
11.3	1	0	1	-95.3874
11.305	1	0	1	-95.3855
11.31	1	0	1	-95.3836
11.315	1	0	1	-95.3817
11.32	1	0	1	-95.3799
11.325	1	0	1	-95.378
11.33	1	0	1	-95.3761
11.335	1	0	1	-95.3742
11.34	1	0	1	-95.3723
11.345	1	0	1	-95.3705
11.346	1	0	1	-95.3701
11.35	1	0	1	-95.3686
11.355	1	0	1	-95.3667
11.36	1	0	1	-95.3648
11.365	1	0	1	-95.363
11.37	1	0	1	-95.3611
11.375	1	0	1	-95.3592
11.38	1	0	1	-95.3573
11.385	1	0	1	-95.3555
11.39	1	0	1	-95.3536
11.395	1	0	1	-95.3517
11.4	1	0	1	-95.3498
11.405	1	0	1	-95.3479
11.41	1	0	1	-95.3461
11.415	1	0	1	-95.3442
11.42	1	0	1	-95.3423
11.425	1	0	1	-95.3404
11.426	1	0	1	-95.3401
11.43	1	0	1	-95.3386
11.435	1	0	1	-95.3367
11.44	1	0	1	-95.3348
11.445	1	0	1	-95.3329
11.45	1	0	1	-95.3311
11.455	1	0	1	-95.3292
11.46	1	0	1	-95.3273
11.465	1	0	1	-95.3254
11.47	1	0	1	-95.3236
11.475	1	0	1	-95.3217
11.48	1	0	1	-95.3198
11.485	1	0	1	-95.3179
11.49	1	0	1	-95.316
11.495	1	0	1	-95.3142
11.5	1	0	1	-95.3123
11.505	1	0	1	-95.3104
11.506	1	0	1	-95.31
11.51	1	0	1	-95.3085
11.515	1	0	1	-95.3067
11.52	1	0	1	-95.3048
11.525	1	0	1	-95.3029
11.53	1	0	1	-95.301
11.535	1	0	1	-95.2992
11.54	1	0	1	-95.2973
11.545	1	0	1	-95.2954
11.55	1	0	1	-95.2935
11.555	1	0	1	-95.2917
11.56	1	0	1	-95.2898
11.565	1	0	1	-95.2879
11.57	1	0	1	-95.286
11.575	1	0	1	-95.2842
11.58	1	0	1	-95.2823
11.585	1	0	1	-95.2804
11.586	1	0	1	-95.28
11.59	1	0	1	-95.2785
11.595	1	0	1	-95.2767
11.6	1	0	1	-95.2748
11.605	1	0	1	-95.2729
11.61	1	0	1	-95.271
11.615	1	0	1	-95.2692
11.62	1	0	1	-95.2673
11.625	1	0	1	-95.2654
11.63	1	0	1	-95.2635
11.635	1	0	1	-95.2617
11.64	1	0	1	-95.2598
11.645	1	0	1	-95.2579
11.65	1	0	1	-95.256
11.655	1	0	1	-95.2542
11.66	1	0	1	-95.2523
11.665	1	0	1	-95.2504
11.666	1	0	1	-95.25
11.67	1	0	1	-95.2485
11.675	1	0	1	-95.2467
11.68	1	0	1	-95.2448
11.685	1	0	1	-95.2429
11.69	1	0	1	-95.241
11.695	1	0	1	-95.2392
11.7	1	0	1	-95.2373
11.705	1	0	1	-95.2354
11.71	1	0	1	-95.2335
11.715	1	0	1	-95.2317
11.72	1	0	1	-95.2298
11.725	1	0	1	-95.2279
11.73	1	0	1	-95.226
11.735	1	0	1	-95.2242
11.74	1	0	1	-95.2223
11.745	1	0	1	-95.2204
11.746	1	0	1	-95.22
11.75	1	0	1	-95.2185
11.755	1	0	1	-95.2167
11.76	1	0	1	-95.2148
11.765	1	0	1	-95.2129
11.77	1	0	1	-95.211
11.775	1	0	1	-95.2092
11.78	1	0	1	-95.2073
11.785	1	0	1	-95.2054
11.79	1	0	1	-95.2035
11.795	1	0	1	-95.2017
11.8	1	0	1	-95.1998
11.805	1	0	1	-95.1979
11.81	1	0	1	-95.196
11.815	1	0	1	-95.1942
11.82	1	0	1	-95.1923
11.825	1	0	1	-95.1904
11.826	1	0	1	-95.1901
11.83	1	0	1	-95.1886
11.835	1	0	1	-95.1867
11.84	1	0	1	-95.1848
11.845	1	0	1	-95.1829
11.85	1	0	1	-95.1811
11.855	1	0	1	-95.1792
11.86	1	0	1	-95.1773
11.865	1	0	1	-95.1754
11.87	1	0	1	-95.1736
11.875	1	0	1	-95.1717
11.88	1	0	1	-95.1698
11.885	1	0	1	-95.1679
11.89	1	0	1	-95.1661
11.895	1	0	1	-95.1642
11.9	1	0	1	-95.1623
11.905	1	0	1	-95.1605
11.906	1	0	1	-95.1601
11.91	1	0	1	-95.1586
11.915	1	0	1	-95.1567
11.92	1	0	1	-95.1548
11.925	1	0	1	-95.153
11.93	1	0	1	-95.1511
11.935	1	0	1	-95.1492
11.94	1	0	1	-95.1473
11.945	1	0	1	-95.1455
11.95	1	0	1	-95.1436
11.955	1	0	1	-95.1417
11.96	1	0	1	-95.1399
11.965	1	0	1	-95.138
11.97	1	0	1	-95.1361
11.975	1	0	1	-95.1342
11.98	1	0	1	-95.1324
11.985	1	0	1	-95.1305
11.986	1	0	1	-95.1301
11.99	1	0	1	-95.1286
11.995	1	0	1	-95.1268
12	1	0	1	-95.1249
12.005	1	0	1	-95.123
12.01	1	0	1	-95.1211
12.015	1	0	1	-95.1193
12.02	1	0	1	-95.1174
12.025	1	0	1	-95.1155
12.03	1	0	1	-95.1136
12.035	1	0	1	-95.1118
12.04	1	0	1	-95.1099
12.045	1	0	1	-95.108
12.05	1	0	1	-95.1062
12.055	1	0	1	-95.1043
12.06	1	0	1	-95.1024
12.065	1	0	1	-95.1005
12.066	1	0	1	-95.1002
12.07	1	0	1	-95.0987
12.075	1	0	1	-95.0968
12.08	1	0	1	-95.0949
12.085	1	0	1	-95.0931
12.09	1	0	1	-95.0912
12.095	1	0	1	-95.0893
12.1	1	0	1	-95.0874
12.105	1	0	1	-95.0856
12.11	1	0	1	-95.0837
12.115	1	0	1	-95.0818
12.12	1	0	1	-95.08
12.125	1	0	1	-95.0781
12.13	1	0	1	-95.0762
12.135	1	0	1	-95.0743
12.14	1	0	1	-95.0725
12.145	1	0	1	-95.0706
12.146	1	0	1	-95.0702
12.15	1	0	1	-95.0687
12.155	1	0	1	-95.0669
12.16	1	0	1	-95.065
12.165	1	0	1	-95.0631
12.17	1	0	1	-95.0613
12.175	1	0	1	-95.0594
12.18	1	0	1	-95.0575
12.185	1	0	1	-95.0556
12.19	1	0	1	-95.0538
12.195	1	0	1	-95.0519
12.2	1	0	1	-95.05
12.205	1	0	1	-95.0482
12.21	1	0	1	-95.0463
12.215	1	0	1	-95.0444
12.22	1	0	1	-95.0426
12.225	1	0	1	-95.0407
12.226	1	0	1	-95.0403
12.23	1	0	1	-95.0388
12.235	1	0	1	-95.0369
12.24	1	0	1	-95.0351
12.245	1	0	1	-95.0332
12.25	1	0	1	-95.0313
12.255	1	0	1	-95.0295
12.26	1	0	1	-95.0276
12.265	1	0	1	-95.0257
12.27	1	0	1	-95.0239
12.275	1	0	1	-95.022
12.28	1	0	1	-95.0201
12.285	1	0	1	-95.0182
12.29	1	0	1	-95.0164
12.295	1	0	1	-95.0145
12.3	1	0	1	-95.0126
12.305	1	0	1	-95.0108
12.306	1	0	1	-95.0104
12.31	1	0	1	-95.0089
12.315	1	0	1	-95.007
12.32	1	0	1	-95.0052
12.325	1	0	1	-95.0033
12.33	1	0	1	-95.0014
12.335	1	0	1	-94.9996
12.34	1	0	1	-94.9977
12.345	1	0	1	-94.9958
12.35	1	0	1	-94.994
12.355	1	0	1	-94.9921
12.36	1	0	1	-94.9902
12.365	1	0	1	-94.9883
12.37	1	0	1	-94.9865
12.375	1	0	1	-94.9846
12.38	1	0	1	-94.9827
12.385	1	0	1	-94.9809
12.386	1	0	1	-94.9805
12.39	1	0	1	-94.979
12.395	1	0	1	-94.9771
12.4	1	0	1	-94.9753
12.405	1	0	1	-94.9734
12.41	1	0	1	-94.9715
12.415	1	0	1	-94.9697
12.42	1	0	1	-94.9678
12.425	1	0	1	-94.9659
12.43	1	0	1	-94.9641
12.435	1	0	1	-94.9622
12.44	1	0	1	-94.9603
12.445	1	0	1	-94.9585
12.45	1	0	1	-94.9566
12.455	1	0	1	-94.9547
12.46	1	0	1	-94.9529
12.465	1	0	1	-94.951
12.466	1	0	1	-94.9506
12.47	1	0	1	-94.9491
12.475	1	0	1	-94.9473
12.48	1	0	1	-94.9454
12.485	1	0	1	-94.9435
12.49	1	0	1	-94.9417
12.495	1	0	1	-94.9398
12.5	1	0	1	-94.9379
12.505	1	0	1	-94.936
12.51	1	0	1	-94.9342
12.515	1	0	1	-94.9323
12.52	1	0	1	-94.9304
12.525	1	0	1	-94.9286
12.53	1	0	1	-94.9267
12.531	1	0	1	-94.9263
12.535	1	0	1	-94.9248
12.536	1	0	1	-94.9245
12.54	1	0	1	-94.923
12.541	1	0	1	-94.9226
12.545	1	0	1	-94.9211
12.546	1	0	1	-94.9207
12.55	1	0	1	-94.9192
12.555	1	0	1	-94.9174
12.557	1	0	1	-94.9166
12.56	1	0	1	-94.9155
12.562	1	0	1	-94.9148
12.565	1	0	1	-94.9137
12.568	1	0	1	-94.9125
12.569	1	0	1	-94.9122
12.57	1	0	1	-94.9118
12.574	1	0	1	-94.9103
12.575	1	0	1	-94.9099
12.58	1	0	1	-94.9081
12.585	1	0	1	-94.9062
12.59	1	0	1	-94.9043
12.595	1	0	1	-94.9025
12.6	1	0	1	-94.9006
12.605	1	0	1	-94.8987
12.61	1	0	1	-94.8969
12.615	1	0	1	-94.895
12.62	1	0	1	-94.8931
12.625	1	0	1	-94.8913
12.626	1	0	1	-94.8909
12.63	1	0	1	-94.8894
12.635	1	0	1	-94.8875
12.64	1	0	1	-94.8857
12.645	1	0	1	-94.8838
12.65	1	0	1	-94.8819
12.655	1	0	1	-94.8801
12.66	1	0	1	-94.8782
12.665	1	0	1	-94.8763
12.67	1	0	1	-94.8745
12.675	1	0	1	-94.8726
12.68	1	0	1	-94.8707
12.685	1	0	1	-94.8689
12.69	1	0	1	-94.867
12.695	1	0	1	-94.8652
12.7	1	0	1	-94.8633
12.705	1	0	1	-94.8614
12.706	1	0	1	-94.861
12.71	1	0	1	-94.8596
12.715	1	0	1	-94.8577
12.72	1	0	1	-94.8558
12.725	1	0	1	-94.854
12.73	1	0	1	-94.8521
12.735	1	0	1	-94.8502
12.74	1	0	1	-94.8484
12.745	1	0	1	-94.8465
12.75	1	0	1	-94.8446
12.755	1	0	1	-94.8428
12.76	1	0	1	-94.8409
12.765	1	0	1	-94.8391
12.77	1	0	1	-94.8372
12.775	1	0	1	-94.8353
12.78	1	0	1	-94.8335
12.785	1	0	1	-94.8316
12.786	1	0	1	-94.8312
12.79	1	0	1	-94.8297
12.795	1	0	1	-94.8279
12.8	1	0	1	-94.826
12.805	1	0	1	-94.8241
12.81	1	0	1	-94.8223
12.815	1	0	1	-94.8204
12.82	1	0	1	-94.8186
12.825	1	0	1	-94.8167
12.83	1	0	1	-94.8148
12.835	1	0	1	-94.813
12.84	1	0	1	-94.8111
12.845	1	0	1	-94.8092
12.85	1	0	1	-94.8074
12.855	1	0	1	-94.8055
12.86	1	0	1	-94.8037
12.865	1	0	1	-94.8018
12.866	1	0	1	-94.8014
12.87	1	0	1	-94.7999
12.875	1	0	1	-94.7981
12.88	1	0	1	-94.7962
12.885	1	0	1	-94.7943
12.89	1	0	1	-94.7925
12.895	1	0	1	-94.7906
12.9	1	0	1	-94.7888
12.905	1	0	1	-94.7869
12.91	1	0	1	-94.785
12.915	1	0	1	-94.7832
12.92	1	0	1	-94.7813
12.925	1	0	1	-94.7794
12.93	1	0	1	-94.7776
12.935	1	0	1	-94.7757
12.94	1	0	1	-94.7739
12.945	1	0	1	-94.772
12.946	1	0	1	-94.7716
12.95	1	0	1	-94.7701
12.955	1	0	1	-94.7683
12.96	1	0	1	-94.7664
12.965	1	0	1	-94.7646
12.97	1	0	1	-94.7627
12.975	1	0	1	-94.7608
12.98	1	0	1	-94.759
12.985	1	0	1	-94.7571
12.99	1	0	1	-94.7552
12.995	1	0	1	-94.7534
13	1	0	1	-94.7515
13.005	1	0	1	-94.7497
13.01	1	0	1	-94.7478
13.015	1	0	1	-94.7459
13.02	1	0	1	-94.7441
13.025	1	0	1	-94.7422
13.026	1	0	1	-94.7419
13.03	1	0	1	-94.7404
13.035	1	0	1	-94.7385
13.04	1	0	1	-94.7366
13.045	1	0	1	-94.7348
13.05	1	0	1	-94.7329
13.055	1	0	1	-94.7311
13.06	1	0	1	-94.7292
13.065	1	0	1	-94.7273
13.07	1	0	1	-94.7255
13.075	1	0	1	-94.7236
13.08	1	0	1	-94.7218
13.085	1	0	1	-94.7199
13.09	1	0	1	-94.718
13.095	1	0	1	-94.7162
13.1	1	0	1	-94.7143
13.105	1	0	1	-94.7125
13.106	1	0	1	-94.7121
13.11	1	0	1	-94.7106
13.115	1	0	1	-94.7088
13.12	1	0	1	-94.7069
13.125	1	0	1	-94.705
13.13	1	0	1	-94.7032
13.135	1	0	1	-94.7013
13.14	1	0	1	-94.6995
13.145	1	0	1	-94.6976
13.15	1	0	1	-94.6957
13.155	1	0	1	-94.6939
13.16	1	0	1	-94.692
13.165	1	0	1	-94.6902
13.17	1	0	1	-94.6883
13.175	1	0	1	-94.6865
13.18	1	0	1	-94.6846
13.185	1	0	1	-94.6827
13.186	1	0	1	-94.6824
13.19	1	0	1	-94.6809
13.195	1	0	1	-94.679
13.2	1	0	1	-94.6772
13.205	1	0	1	-94.6753
13.21	1	0	1	-94.6734
13.215	1	0	1	-94.6716
13.22	1	0	1	-94.6697
13.225	1	0	1	-94.6679
13.23	1	0	1	-94.666
13.235	1	0	1	-94.6642
13.24	1	0	1	-94.6623
13.245	1	0	1	-94.6604
13.25	1	0	1	-94.6586
13.255	1	0	1	-94.6567
13.26	1	0	1	-94.6549
13.265	1	0	1	-94.653
13.266	1	0	1	-94.6526
13.27	1	0	1	-94.6512
13.275	1	0	1	-94.6493
13.28	1	0	1	-94.6474
13.285	1	0	1	-94.6456
13.29	1	0	1	-94.6437
13.295	1	0	1	-94.6419
13.3	1	0	1	-94.64
13.305	1	0	1	-94.6382
13.31	1	0	1	-94.6363
13.315	1	0	1	-94.6345
13.32	1	0	1	-94.6326
13.325	1	0	1	-94.6307
13.33	1	0	1	-94.6289
13.335	1	0	1	-94.627
13.34	1	0	1	-94.6252
13.345	1	0	1	-94.6233
13.346	1	0	1	-94.6229
13.35	1	0	1	-94.6215
13.355	1	0	1	-94.6196
13.36	1	0	1	-94.6178
13.365	1	0	1	-94.6159
13.37	1	0	1	-94.614
13.375	1	0	1	-94.6122
13.38	1	0	1	-94.6103
13.385	1	0	1	-94.6085
13.39	1	0	1	-94.6066
13.395	1	0	1	-94.6048
13.4	1	0	1	-94.6029
13.405	1	0	1	-94.6011
13.41	1	0	1	-94.5992
13.415	1	0	1	-94.5974
13.42	1	0	1	-94.5955
13.425	1	0	1	-94.5936
13.426	1	0	1	-94.5933
13.43	1	0	1	-94.5918
13.435	1	0	1	-94.5899
13.44	1	0	1	-94.5881
13.445	1	0	1	-94.5862
13.45	1	0	1	-94.5844
13.455	1	0	1	-94.5825
13.46	1	0	1	-94.5807
13.465	1	0	1	-94.5788
13.47	1	0	1	-94.577
13.475	1	0	1	-94.5751
13.48	1	0	1	-94.5733
13.485	1	0	1	-94.5714
13.49	1	0	1	-94.5695
13.495	1	0	1	-94.5677
13.5	1	0	1	-94.5658
13.505	1	0	1	-94.564
13.506	1	0	1	-94.5636
13.51	1	0	1	-94.5621
13.515	1	0	1	-94.5603
13.52	1	0	1	-94.5584
13.525	1	0	1	-94.5566
13.53	1	0	1	-94.5547
13.535	1	0	1	-94.5529
13.54	1	0	1	-94.551
13.545	1	0	1	-94.5492
13.55	1	0	1	-94.5473
13.555	1	0	1	-94.5455
13.56	1	0	1	-94.5436
13.565	1	0	1	-94.5418
13.57	1	0	1	-94.5399
13.575	1	0	1	-94.5381
13.58	1	0	1	-94.5362
13.585	1	0	1	-94.5343
13.586	1	0	1	-94.534
13.59	1	0	1	-94.5325
13.595	1	0	1	-94.5306
13.6	1	0	1	-94.5288
13.605	1	0	1	-94.5269
13.61	1	0	1	-94.5251
13.615	1	0	1	-94.5232
13.62	1	0	1	-94.5214
13.625	1	0	1	-94.5195
13.63	1	0	1	-94.5177
13.635	1	0	1	-94.5158
13.64	1	0	1	-94.514
13.645	1	0	1	-94.5121
13.65	1	0	1	-94.5103
13.655	1	0	1	-94.5084
13.66	1	0	1	-94.5066
13.665	1	0	1	-94.5047
13.666	1	0	1	-94.5044
13.67	1	0	1	-94.5029
13.675	1	0	1	-94.501
13.68	1	0	1	-94.4992
13.685	1	0	1	-94.4973
13.69	1	0	1	-94.4955
13.695	1	0	1	-94.4936
13.7	1	0	1	-94.4918
13.705	1	0	1	-94.4899
13.71	1	0	1	-94.4881
13.715	1	0	1	-94.4862
13.72	1	0	1	-94.4844
13.725	1	0	1	-94.4825
13.73	1	0	1	-94.4807
13.735	1	0	1	-94.4788
13.74	1	0	1	-94.477
13.745	1	0	1	-94.4751
13.746	1	0	1	-94.4748
13.75	1	0	1	-94.4733
13.755	1	0	1	-94.4714
13.76	1	0	1	-94.4696
13.765	1	0	1	-94.4677
13.77	1	0	1	-94.4659
13.775	1	0	1	-94.4641
13.78	1	0	1	-94.4622
13.785	1	0	1	-94.4604
13.79	1	0	1	-94.4585
13.795	1	0	1	-94.4567
13.8	1	0	1	-94.4548
13.805	1	0	1	-94.453
13.81	1	0	1	-94.4511
13.815	1	0	1	-94.4493
13.82	1	0	1	-94.4474
13.825	1	0	1	-94.4456
13.826	1	0	1	-94.4452
13.83	1	0	1	-94.4437
13.835	1	0	1	-94.4419
13.84	1	0	1	-94.44
13.845	1	0	1	-94.4382
13.85	1	0	1	-94.4363
13.855	1	0	1	-94.4345
13.86	1	0	1	-94.4326
13.865	1	0	1	-94.4308
13.87	1	0	1	-94.429
13.875	1	0	1	-94.4271
13.88	1	0	1	-94.4253
13.885	1	0	1	-94.4234
13.89	1	0	1	-94.4216
13.895	1	0	1	-94.4197
13.9	1	0	1	-94.4179
13.905	1	0	1	-94.416
13.906	1	0	1	-94.4157
13.91	1	0	1	-94.4142
13.915	1	0	1	-94.4123
13.92	1	0	1	-94.4105
13.925	1	0	1	-94.4086
13.93	1	0	1	-94.4068
13.935	1	0	1	-94.405
13.94	1	0	1	-94.4031
13.945	1	0	1	-94.4013
13.95	1	0	1	-94.3994
13.955	1	0	1	-94.3976
13.96	1	0	1	-94.3957
13.965	1	0	1	-94.3939
13.97	1	0	1	-94.392
13.975	1	0	1	-94.3902
13.98	1	0	1	-94.3884
13.985	1	0	1	-94.3865
13.986	1	0	1	-94.3861
13.99	1	0	1	-94.3847
13.995	1	0	1	-94.3828
14	1	0	1	-94.381
14.005	1	0	1	-94.3791
14.01	1	0	1	-94.3773
14.015	1	0	1	-94.3754
14.02	1	0	1	-94.3736
14.025	1	0	1	-94.3718
14.03	1	0	1	-94.3699
14.035	1	0	1	-94.3681
14.04	1	0	1	-94.3662
14.045	1	0	1	-94.3644
14.05	1	0	1	-94.3625
14.055	1	0	1	-94.3607
14.06	1	0	1	-94.3589
14.065	1	0	1	-94.357
14.066	1	0	1	-94.3566
14.07	1	0	1	-94.3552
14.075	1	0	1	-94.3533
14.08	1	0	1	-94.3515
14.085	1	0	1	-94.3496
14.09	1	0	1	-94.3478
14.095	1	0	1	-94.346
14.1	1	0	1	-94.3441
14.105	1	0	1	-94.3423
14.11	1	0	1	-94.3404
14.115	1	0	1	-94.3386
14.12	1	0	1	-94.3367
14.125	1	0	1	-94.3349
14.13	1	0	1	-94.3331
14.135	1	0	1	-94.3312
14.14	1	0	1	-94.3294
14.145	1	0	1	-94.3275
14.146	1	0	1	-94.3272
14.15	1	0	1	-94.3257
14.155	1	0	1	-94.3239
14.16	1	0	1	-94.322
14.165	1	0	1	-94.3202
14.17	1	0	1	-94.3183
14.175	1	0	1	-94.3165
14.18	1	0	1	-94.3147
14.185	1	0	1	-94.3128
14.19	1	0	1	-94.311
14.195	1	0	1	-94.3091
14.2	1	0	1	-94.3073
14.205	1	0	1	-94.3055
14.21	1	0	1	-94.3036
14.215	1	0	1	-94.3018
14.22	1	0	1	-94.2999
14.225	1	0	1	-94.2981
14.226	1	0	1	-94.2977
14.23	1	0	1	-94.2963
14.235	1	0	1	-94.2944
14.24	1	0	1	-94.2926
14.245	1	0	1	-94.2907
14.25	1	0	1	-94.2889
14.255	1	0	1	-94.2871
14.26	1	0	1	-94.2852
14.265	1	0	1	-94.2834
14.27	1	0	1	-94.2815
14.275	1	0	1	-94.2797
14.28	1	0	1	-94.2779
14.285	1	0	1	-94.276
14.29	1	0	1	-94.2742
14.295	1	0	1	-94.2724
14.3	1	0	1	-94.2705
14.305	1	0	1	-94.2687
14.306	1	0	1	-94.2683
14.31	1	0	1	-94.2668
14.315	1	0	1	-94.265
14.32	1	0	1	-94.2632
14.325	1	0	1	-94.2613
14.33	1	0	1	-94.2595
14.335	1	0	1	-94.2577
14.34	1	0	1	-94.2558
14.345	1	0	1	-94.254
14.35	1	0	1	-94.2521
14.355	1	0	1	-94.2503
14.36	1	0	1	-94.2485
14.365	1	0	1	-94.2466
14.37	1	0	1	-94.2448
14.375	1	0	1	-94.243
14.38	1	0	1	-94.2411
14.385	1	0	1	-94.2393
14.386	1	0	1	-94.2389
14.39	1	0	1	-94.2375
14.395	1	0	1	-94.2356
14.4	1	0	1	-94.2338
14.405	1	0	1	-94.2319
14.41	1	0	1	-94.2301
14.415	1	0	1	-94.2283
14.42	1	0	1	-94.2264
14.425	1	0	1	-94.2246
14.43	1	0	1	-94.2228
14.435	1	0	1	-94.2209
14.44	1	0	1	-94.2191
14.445	1	0	1	-94.2173
14.45	1	0	1	-94.2154
14.455	1	0	1	-94.2136
14.46	1	0	1	-94.2118
14.465	1	0	1	-94.2099
14.466	1	0	1	-94.2096
14.47	1	0	1	-94.2081
14.475	1	0	1	-94.2063
14.48	1	0	1	-94.2044
14.485	1	0	1	-94.2026
14.49	1	0	1	-94.2008
14.495	1	0	1	-94.1989
14.5	1	0	1	-94.1971
14.505	1	0	1	-94.1953
14.51	1	0	1	-94.1934
14.511	1	0	1	-94.1931
14.512	1	0	1	-94.1927
14.515	1	0	1	-94.1916
14.517	1	0	1	-94.1909
14.52	1	0	1	-94.1898
14.525	1	0	1	-94.1879
14.53	1	0	1	-94.1861
14.535	1	0	1	-94.1843
14.54	1	0	1	-94.1824
14.545	1	0	1	-94.1806
14.546	1	0	1	-94.1802
14.55	1	0	1	-94.1788
14.555	1	0	1	-94.1769
14.56	1	0	1	-94.1751
14.565	1	0	1	-94.1733
14.57	1	0	1	-94.1714
14.575	1	0	1	-94.1696
14.58	1	0	1	-94.1678
14.585	1	0	1	-94.1659
14.59	1	0	1	-94.1641
14.595	1	0	1	-94.1623
14.6	1	0	1	-94.1604
14.605	1	0	1	-94.1586
14.61	1	0	1	-94.1568
14.615	1	0	1	-94.1549
14.62	1	0	1	-94.1531
14.625	1	0	1	-94.1513
14.626	1	0	1	-94.1509
14.63	1	0	1	-94.1495
14.635	1	0	1	-94.1476
14.64	1	0	1	-94.1458
14.645	1	0	1	-94.144
14.65	1	0	1	-94.1421
14.655	1	0	1	-94.1403
14.66	1	0	1	-94.1385
14.665	1	0	1	-94.1366
14.67	1	0	1	-94.1348
14.675	1	0	1	-94.133
14.68	1	0	1	-94.1312
14.685	1	0	1	-94.1293
14.69	1	0	1	-94.1275
14.695	1	0	1	-94.1257
14.7	1	0	1	-94.1238
14.705	1	0	1	-94.122
14.706	1	0	1	-94.1216
14.71	1	0	1	-94.1202
14.715	1	0	1	-94.1183
14.72	1	0	1	-94.1165
14.725	1	0	1	-94.1147
14.73	1	0	1	-94.1129
14.735	1	0	1	-94.111
14.74	1	0	1	-94.1092
14.745	1	0	1	-94.1074
14.75	1	0	1	-94.1056
14.755	1	0	1	-94.1037
14.76	1	0	1	-94.1019
14.765	1	0	1	-94.1001
14.77	1	0	1	-94.0982
14.775	1	0	1	-94.0964
14.78	1	0	1	-94.0946
14.785	1	0	1	-94.0928
14.786	1	0	1	-94.0924
14.79	1	0	1	-94.0909
14.795	1	0	1	-94.0891
14.8	1	0	1	-94.0873
14.805	1	0	1	-94.0855
14.81	1	0	1	-94.0836
14.815	1	0	1	-94.0818
14.82	1	0	1	-94.08
14.825	1	0	1	-94.0781
14.83	1	0	1	-94.0763
14.835	1	0	1	-94.0745
14.84	1	0	1	-94.0727
14.845	1	0	1	-94.0708
14.85	1	0	1	-94.069
14.855	1	0	1	-94.0672
14.86	1	0	1	-94.0654
14.865	1	0	1	-94.0635
14.866	1	0	1	-94.0632
14.87	1	0	1	-94.0617
14.875	1	0	1	-94.0599
14.88	1	0	1	-94.0581
14.885	1	0	1	-94.0562
14.89	1	0	1	-94.0544
14.895	1	0	1	-94.0526
14.9	1	0	1	-94.0508
14.905	1	0	1	-94.0489
14.91	1	0	1	-94.0471
14.915	1	0	1	-94.0453
14.92	1	0	1	-94.0435
14.925	1	0	1	-94.0417
14.93	1	0	1	-94.0398
14.935	1	0	1	-94.038
14.94	1	0	1	-94.0362
14.945	1	0	1	-94.0344
14.946	1	0	1	-94.034
14.95	1	0	1	-94.0325
14.955	1	0	1	-94.0307
14.96	1	0	1	-94.0289
14.965	1	0	1	-94.0271
14.97	1	0	1	-94.0252
14.975	1	0	1	-94.0234
14.98	1	0	1	-94.0216
14.985	1	0	1	-94.0198
14.99	1	0	1	-94.018
14.995	1	0	1	-94.0161
15	1	0	1	-94.0143
15.005	1	0	1	-94.0125
15.01	1	0	1	-94.0107
15.015	1	0	1	-94.0088
15.02	1	0	1	-94.007
15.025	1	0	1	-94.0052
15.026	1	0	1	-94.0048
15.03	1	0	1	-94.0034
15.035	1	0	1	-94.0016
15.04	1	0	1	-93.9997
15.045	1	0	1	-93.9979
15.05	1	0	1	-93.9961
15.055	1	0	1	-93.9943
15.06	1	0	1	-93.9925
15.065	1	0	1	-93.9906
15.07	1	0	1	-93.9888
15.075	1	0	1	-93.987
15.08	1	0	1	-93.9852
15.085	1	0	1	-93.9834
15.09	1	0	1	-93.9815
15.095	1	0	1	-93.9797
15.1	1	0	1	-93.9779
15.105	1	0	1	-93.9761
15.106	1	0	1	-93.9757
15.11	1	0	1	-93.9743
15.115	1	0	1	-93.9724
15.12	1	0	1	-93.9706
15.125	1	0	1	-93.9688
15.13	1	0	1	-93.967
15.135	1	0	1	-93.9652
15.14	1	0	1	-93.9634
15.145	1	0	1	-93.9615
15.15	1	0	1	-93.9597
15.155	1	0	1	-93.9579
15.16	1	0	1	-93.9561
15.165	1	0	1	-93.9543
15.17	1	0	1	-93.9525
15.175	1	0	1	-93.9506
15.18	1	0	1	-93.9488
15.185	1	0	1	-93.947
15.186	1	0	1	-93.9466
15.19	1	0	1	-93.9452
15.195	1	0	1	-93.9434
15.2	1	0	1	-93.9415
15.205	1	0	1	-93.9397
15.21	1	0	1	-93.9379
15.215	1	0	1	-93.9361
15.22	1	0	1	-93.9343
15.225	1	0	1	-93.9325
15.23	1	0	1	-93.9307
15.235	1	0	1	-93.9288
15.24	1	0	1	-93.927
15.245	1	0	1	-93.9252
15.25	1	0	1	-93.9234
15.255	1	0	1	-93.9216
15.26	1	0	1	-93.9198
15.265	1	0	1	-93.9179
15.266	1	0	1	-93.9176
15.27	1	0	1	-93.9161
15.275	1	0	1	-93.9143
15.28	1	0	1	-93.9125
15.285	1	0	1	-93.9107
15.29	1	0	1	-93.9089
15.295	1	0	1	-93.9071
15.3	1	0	1	-93.9052
15.305	1	0	1	-93.9034
15.31	1	0	1	-93.9016
15.315	1	0	1	-93.8998
15.32	1	0	1	-93.898
15.325	1	0	1	-93.8962
15.33	1	0	1	-93.8944
15.335	1	0	1	-93.8926
15.34	1	0	1	-93.8907
15.345	1	0	1	-93.8889
15.346	1	0	1	-93.8886
15.35	1	0	1	-93.8871
15.355	1	0	1	-93.8853
15.36	1	0	1	-93.8835
15.365	1	0	1	-93.8817
15.37	1	0	1	-93.8799
15.375	1	0	1	-93.8781
15.38	1	0	1	-93.8762
15.385	1	0	1	-93.8744
15.39	1	0	1	-93.8726
15.395	1	0	1	-93.8708
15.4	1	0	1	-93.869
15.405	1	0	1	-93.8672
15.41	1	0	1	-93.8654
15.415	1	0	1	-93.8636
15.42	1	0	1	-93.8618
15.425	1	0	1	-93.8599
15.426	1	0	1	-93.8596
15.43	1	0	1	-93.8581
15.435	1	0	1	-93.8563
15.44	1	0	1	-93.8545
15.445	1	0	1	-93.8527
15.45	1	0	1	-93.8509
15.455	1	0	1	-93.8491
15.46	1	0	1	-93.8473
15.465	1	0	1	-93.8455
15.47	1	0	1	-93.8437
15.475	1	0	1	-93.8419
15.48	1	0	1	-93.84
15.485	1	0	1	-93.8382
15.49	1	0	1	-93.8364
15.495	1	0	1	-93.8346
15.5	1	0	1	-93.8328
15.505	1	0	1	-93.831
15.506	1	0	1	-93.8306
15.51	1	0	1	-93.8292
15.515	1	0	1	-93.8274
15.52	1	0	1	-93.8256
15.525	1	0	1	-93.8238
15.53	1	0	1	-93.822
15.535	1	0	1	-93.8202
15.54	1	0	1	-93.8183
15.545	1	0	1	-93.8165
15.55	1	0	1	-93.8147
15.555	1	0	1	-93.8129
15.56	1	0	1	-93.8111
15.565	1	0	1	-93.8093
15.57	1	0	1	-93.8075
15.575	1	0	1	-93.8057
15.58	1	0	1	-93.8039
15.585	1	0	1	-93.8021
15.586	1	0	1	-93.8017
15.59	1	0	1	-93.8003
15.595	1	0	1	-93.7985
15.6	1	0	1	-93.7967
15.605	1	0	1	-93.7949
15.61	1	0	1	-93.7931
15.615	1	0	1	-93.7913
15.62	1	0	1	-93.7895
15.625	1	0	1	-93.7876
15.63	1	0	1	-93.7858
15.635	1	0	1	-93.784
15.64	1	0	1	-93.7822
15.645	1	0	1	-93.7804
15.65	1	0	1	-93.7786
15.655	1	0	1	-93.7768
15.66	1	0	1	-93.775
15.665	1	0	1	-93.7732
15.666	1	0	1	-93.7729
15.67	1	0	1	-93.7714
15.675	1	0	1	-93.7696
15.68	1	0	1	-93.7678
15.685	1	0	1	-93.766
15.69	1	0	1	-93.7642
15.695	1	0	1	-93.7624
15.7	1	0	1	-93.7606
15.705	1	0	1	-93.7588
15.71	1	0	1	-93.757
15.715	1	0	1	-93.7552
15.72	1	0	1	-93.7534
15.725	1	0	1	-93.7516
15.73	1	0	1	-93.7498
15.735	1	0	1	-93.748
15.74	1	0	1	-93.7462
15.745	1	0	1	-93.7444
15.746	1	0	1	-93.744
15.75	1	0	1	-93.7426
15.755	1	0	1	-93.7408
15.76	1	0	1	-93.739
15.765	1	0	1	-93.7372
15.77	1	0	1	-93.7354
15.775	1	0	1	-93.7336
15.78	1	0	1	-93.7318
15.785	1	0	1	-93.73
15.79	1	0	1	-93.7282
15.795	1	0	1	-93.7264
15.8	1	0	1	-93.7246
15.805	1	0	1	-93.7228
15.81	1	0	1	-93.721
15.815	1	0	1	-93.7192
15.82	1	0	1	-93.7174
15.825	1	0	1	-93.7156
15.826	1	0	1	-93.7152
15.83	1	0	1	-93.7138
15.835	1	0	1	-93.712
15.84	1	0	1	-93.7102
15.845	1	0	1	-93.7084
15.85	1	0	1	-93.7066
15.855	1	0	1	-93.7048
15.86	1	0	1	-93.703
15.865	1	0	1	-93.7012
15.87	1	0	1	-93.6994
15.875	1	0	1	-93.6976
15.88	1	0	1	-93.6958
15.885	1	0	1	-93.694
15.89	1	0	1	-93.6922
15.895	1	0	1	-93.6904
15.9	1	0	1	-93.6886
15.905	1	0	1	-93.6868
15.906	1	0	1	-93.6865
15.91	1	0	1	-93.685
15.915	1	0	1	-93.6832
15.92	1	0	1	-93.6814
15.925	1	0	1	-93.6797
15.93	1	0	1	-93.6779
15.935	1	0	1	-93.6761
15.94	1	0	1	-93.6743
15.945	1	0	1	-93.6725
15.95	1	0	1	-93.6707
15.955	1	0	1	-93.6689
15.96	1	0	1	-93.6671
15.965	1	0	1	-93.6653
15.97	1	0	1	-93.6635
15.975	1	0	1	-93.6617
15.98	1	0	1	-93.6599
15.985	1	0	1	-93.6581
15.986	1	0	1	-93.6578
15.99	1	0	1	-93.6563
15.995	1	0	1	-93.6545
16	1	0	1	-93.6527
16.005	1	0	1	-93.6509
16.01	1	0	1	-93.6492
16.015	1	0	1	-93.6474
16.02	1	0	1	-93.6456
16.025	1	0	1	-93.6438
16.03	1	0	1	-93.642
16.035	1	0	1	-93.6402
16.04	1	0	1	-93.6384
16.045	1	0	1	-93.6366
16.05	1	0	1	-93.6348
16.055	1	0	1	-93.633
16.06	1	0	1	-93.6312
16.065	1	0	1	-93.6294
16.066	1	0	1	-93.6291
16.07	1	0	1	-93.6277
16.075	1	0	1	-93.6259
16.08	1	0	1	-93.6241
16.085	1	0	1	-93.6223
16.09	1	0	1	-93.6205
16.095	1	0	1	-93.6187
16.1	1	0	1	-93.6169
16.105	1	0	1	-93.6151
16.11	1	0	1	-93.6133
16.115	1	0	1	-93.6115
16.12	1	0	1	-93.6098
16.125	1	0	1	-93.608
16.13	1	0	1	-93.6062
16.135	1	0	1	-93.6044
16.14	1	0	1	-93.6026
16.145	1	0	1	-93.6008
16.146	1	0	1	-93.6005
16.15	1	0	1	-93.599
16.155	1	0	1	-93.5972
16.16	1	0	1	-93.5954
16.165	1	0	1	-93.5937
16.17	1	0	1	-93.5919
16.175	1	0	1	-93.5901
16.18	1	0	1	-93.5883
16.185	1	0	1	-93.5865
16.19	1	0	1	-93.5847
16.195	1	0	1	-93.5829
16.2	1	0	1	-93.5811
16.205	1	0	1	-93.5794
16.21	1	0	1	-93.5776
16.215	1	0	1	-93.5758
16.22	1	0	1	-93.574
16.225	1	0	1	-93.5722
16.226	1	0	1	-93.5719
16.23	1	0	1	-93.5704
16.235	1	0	1	-93.5686
16.24	1	0	1	-93.5669
16.245	1	0	1	-93.5651
16.25	1	0	1	-93.5633
16.255	1	0	1	-93.5615
16.26	1	0	1	-93.5597
16.265	1	0	1	-93.5579
16.27	1	0	1	-93.5562
16.275	1	0	1	-93.5544
16.28	1	0	1	-93.5526
16.285	1	0	1	-93.5508
16.29	1	0	1	-93.549
16.295	1	0	1	-93.5472
16.3	1	0	1	-93.5455
16.305	1	0	1	-93.5437
16.306	1	0	1	-93.5433
16.31	1	0	1	-93.5419
16.315	1	0	1	-93.5401
16.32	1	0	1	-93.5383
16.325	1	0	1	-93.5365
16.33	1	0	1	-93.5348
16.335	1	0	1	-93.533
16.34	1	0	1	-93.5312
16.345	1	0	1	-93.5294
16.35	1	0	1	-93.5276
16.355	1	0	1	-93.5258
16.36	1	0	1	-93.5241
16.365	1	0	1	-93.5223
16.37	1	0	1	-93.5205
16.375	1	0	1	-93.5187
16.38	1	0	1	-93.5169
16.385	1	0	1	-93.5152
16.386	1	0	1	-93.5148
16.39	1	0	1	-93.5134
16.395	1	0	1	-93.5116
16.4	1	0	1	-93.5098
16.405	1	0	1	-93.508
16.41	1	0	1	-93.5063
16.415	1	0	1	-93.5045
16.42	1	0	1	-93.5027
16.425	1	0	1	-93.5009
16.43	1	0	1	-93.4992
16.435	1	0	1	-93.4974
16.44	1	0	1	-93.4956
16.445	1	0	1	-93.4938
16.45	1	0	1	-93.492
16.455	1	0	1	-93.4903
16.46	1	0	1	-93.4885
16.465	1	0	1	-93.4867
16.466	1	0	1	-93.4864
16.47	1	0	1	-93.4849
16.475	1	0	1	-93.4832
16.48	1	0	1	-93.4814
16.485	1	0	1	-93.4796
16.49	1	0	1	-93.4778
16.495	1	0	1	-93.476
16.5	1	0	1	-93.4743
16.505	1	0	1	-93.4725
16.51	1	0	1	-93.4707
16.511	1	0	1	-93.4704
16.515	1	0	1	-93.4689
16.52	1	0	1	-93.4672
16.525	1	0	1	-93.4654
16.53	1	0	1	-93.4636
16.535	1	0	1	-93.4618
16.54	1	0	1	-93.4601
16.545	1	0	1	-93.4583
16.546	1	0	1	-93.4579
16.55	1	0	1	-93.4565
16.555	1	0	1	-93.4547
16.56	1	0	1	-93.453
16.565	1	0	1	-93.4512
16.57	1	0	1	-93.4494
16.575	1	0	1	-93.4476
16.58	1	0	1	-93.4459
16.585	1	0	1	-93.4441
16.59	1	0	1	-93.4423
16.595	1	0	1	-93.4406
16.6	1	0	1	-93.4388
16.605	1	0	1	-93.437
16.61	1	0	1	-93.4352
16.615	1	0	1	-93.4335
16.62	1	0	1	-93.4317
16.625	1	0	1	-93.4299
16.626	1	0	1	-93.4296
16.63	1	0	1	-93.4282
16.635	1	0	1	-93.4264
16.64	1	0	1	-93.4246
16.645	1	0	1	-93.4228
16.65	1	0	1	-93.4211
16.655	1	0	1	-93.4193
16.66	1	0	1	-93.4175
16.665	1	0	1	-93.4158
16.67	1	0	1	-93.414
16.675	1	0	1	-93.4122
16.68	1	0	1	-93.4104
16.685	1	0	1	-93.4087
16.69	1	0	1	-93.4069
16.695	1	0	1	-93.4051
16.7	1	0	1	-93.4034
16.705	1	0	1	-93.4016
16.706	1	0	1	-93.4012
16.71	1	0	1	-93.3998
16.715	1	0	1	-93.3981
16.72	1	0	1	-93.3963
16.725	1	0	1	-93.3945
16.73	1	0	1	-93.3928
16.735	1	0	1	-93.391
16.74	1	0	1	-93.3892
16.745	1	0	1	-93.3875
16.75	1	0	1	-93.3857
16.755	1	0	1	-93.3839
16.76	1	0	1	-93.3822
16.765	1	0	1	-93.3804
16.77	1	0	1	-93.3786
16.775	1	0	1	-93.3769
16.78	1	0	1	-93.3751
16.785	1	0	1	-93.3733
16.786	1	0	1	-93.373
16.79	1	0	1	-93.3716
16.795	1	0	1	-93.3698
16.8	1	0	1	-93.368
16.805	1	0	1	-93.3663
16.81	1	0	1	-93.3645
16.815	1	0	1	-93.3627
16.82	1	0	1	-93.361
16.825	1	0	1	-93.3592
16.83	1	0	1	-93.3574
16.835	1	0	1	-93.3557
16.84	1	0	1	-93.3539
16.845	1	0	1	-93.3522
16.85	1	0	1	-93.3504
16.855	1	0	1	-93.3486
16.86	1	0	1	-93.3469
16.865	1	0	1	-93.3451
16.866	1	0	1	-93.3447
16.87	1	0	1	-93.3433
16.875	1	0	1	-93.3416
16.88	1	0	1	-93.3398
16.885	1	0	1	-93.3381
16.89	1	0	1	-93.3363
16.895	1	0	1	-93.3345
16.9	1	0	1	-93.3328
16.905	1	0	1	-93.331
16.91	1	0	1	-93.3292
16.915	1	0	1	-93.3275
16.92	1	0	1	-93.3257
16.925	1	0	1	-93.324
16.93	1	0	1	-93.3222
16.935	1	0	1	-93.3204
16.94	1	0	1	-93.3187
16.945	1	0	1	-93.3169
16.946	1	0	1	-93.3166
16.95	1	0	1	-93.3152
16.955	1	0	1	-93.3134
16.96	1	0	1	-93.3116
16.965	1	0	1	-93.3099
16.97	1	0	1	-93.3081
16.975	1	0	1	-93.3064
16.98	1	0	1	-93.3046
16.985	1	0	1	-93.3029
16.99	1	0	1	-93.3011
16.995	1	0	1	-93.2993
17	1	0	1	-93.2976
17.005	1	0	1	-93.2958
17.01	1	0	1	-93.2941
17.015	1	0	1	-93.2923
17.02	1	0	1	-93.2906
17.025	1	0	1	-93.2888
17.026	1	0	1	-93.2884
17.03	1	0	1	-93.287
17.035	1	0	1	-93.2853
17.04	1	0	1	-93.2835
17.045	1	0	1	-93.2818
17.05	1	0	1	-93.28
17.055	1	0	1	-93.2783
17.06	1	0	1	-93.2765
17.065	1	0	1	-93.2748
17.07	1	0	1	-93.273
17.075	1	0	1	-93.2712
17.08	1	0	1	-93.2695
17.085	1	0	1	-93.2677
17.09	1	0	1	-93.266
17.095	1	0	1	-93.2642
17.1	1	0	1	-93.2625
17.105	1	0	1	-93.2607
17.106	1	0	1	-93.2604
17.11	1	0	1	-93.259
17.115	1	0	1	-93.2572
17.12	1	0	1	-93.2555
17.125	1	0	1	-93.2537
17.13	1	0	1	-93.252
17.135	1	0	1	-93.2502
17.14	1	0	1	-93.2485
17.145	1	0	1	-93.2467
17.15	1	0	1	-93.2449
17.155	1	0	1	-93.2432
17.16	1	0	1	-93.2414
17.165	1	0	1	-93.2397
17.17	1	0	1	-93.2379
17.175	1	0	1	-93.2362
17.18	1	0	1	-93.2344
17.185	1	0	1	-93.2327
17.186	1	0	1	-93.2323
17.19	1	0	1	-93.2309
17.195	1	0	1	-93.2292
17.2	1	0	1	-93.2274
17.205	1	0	1	-93.2257
17.21	1	0	1	-93.2239
17.215	1	0	1	-93.2222
17.22	1	0	1	-93.2204
17.225	1	0	1	-93.2187
17.23	1	0	1	-93.217
17.235	1	0	1	-93.2152
17.24	1	0	1	-93.2135
17.245	1	0	1	-93.2117
17.25	1	0	1	-93.21
17.255	1	0	1	-93.2082
17.26	1	0	1	-93.2065
17.265	1	0	1	-93.2047
17.266	1	0	1	-93.2044
17.27	1	0	1	-93.203
17.275	1	0	1	-93.2012
17.28	1	0	1	-93.1995
17.285	1	0	1	-93.1977
17.29	1	0	1	-93.196
17.295	1	0	1	-93.1942
17.3	1	0	1	-93.1925
17.305	1	0	1	-93.1908
17.31	1	0	1	-93.189
17.315	1	0	1	-93.1873
17.32	1	0	1	-93.1855
17.325	1	0	1	-93.1838
17.33	1	0	1	-93.182
17.335	1	0	1	-93.1803
17.34	1	0	1	-93.1785
17.345	1	0	1	-93.1768
17.346	1	0	1	-93.1764
17.35	1	0	1	-93.1751
17.355	1	0	1	-93.1733
17.36	1	0	1	-93.1716
17.365	1	0	1	-93.1698
17.37	1	0	1	-93.1681
17.375	1	0	1	-93.1663
17.38	1	0	1	-93.1646
17.385	1	0	1	-93.1629
17.39	1	0	1	-93.1611
17.395	1	0	1	-93.1594
17.4	1	0	1	-93.1576
17.405	1	0	1	-93.1559
17.41	1	0	1	-93.1542
17.415	1	0	1	-93.1524
17.42	1	0	1	-93.1507
17.425	1	0	1	-93.1489
17.426	1	0	1	-93.1486
17.43	1	0	1	-93.1472
17.435	1	0	1	-93.1455
17.44	1	0	1	-93.1437
17.445	1	0	1	-93.142
17.45	1	0	1	-93.1402
17.455	1	0	1	-93.1385
17.46	1	0	1	-93.1368
17.465	1	0	1	-93.135
17.47	1	0	1	-93.1333
17.475	1	0	1	-93.1315
17.48	1	0	1	-93.1298
17.485	1	0	1	-93.1281
17.49	1	0	1	-93.1263
17.495	1	0	1	-93.1246
17.5	1	0	1	-93.1229
17.505	1	0	1	-93.1211
17.506	1	0	1	-93.1208
17.51	1	0	1	-93.1194
17.515	1	0	1	-93.1176
17.52	1	0	1	-93.1159
17.525	1	0	1	-93.1142
17.53	1	0	1	-93.1124
17.535	1	0	1	-93.1107
17.54	1	0	1	-93.109
17.545	1	0	1	-93.1072
17.55	1	0	1	-93.1055
17.555	1	0	1	-93.1038
17.56	1	0	1	-93.102
17.565	1	0	1	-93.1003
17.57	1	0	1	-93.0986
17.575	1	0	1	-93.0968
17.58	1	0	1	-93.0951
17.585	1	0	1	-93.0934
17.586	1	0	1	-93.093
17.59	1	0	1	-93.0916
17.595	1	0	1	-93.0899
17.6	1	0	1	-93.0882
17.605	1	0	1	-93.0864
17.61	1	0	1	-93.0847
17.615	1	0	1	-93.083
17.62	1	0	1	-93.0812
17.625	1	0	1	-93.0795
17.63	1	0	1	-93.0778
17.635	1	0	1	-93.076
17.64	1	0	1	-93.0743
17.645	1	0	1	-93.0726
17.65	1	0	1	-93.0709
17.655	1	0	1	-93.0691
17.66	1	0	1	-93.0674
17.665	1	0	1	-93.0657
17.666	1	0	1	-93.0653
17.67	1	0	1	-93.0639
17.675	1	0	1	-93.0622
17.68	1	0	1	-93.0605
17.685	1	0	1	-93.0587
17.69	1	0	1	-93.057
17.695	1	0	1	-93.0553
17.7	1	0	1	-93.0536
17.705	1	0	1	-93.0518
17.71	1	0	1	-93.0501
17.715	1	0	1	-93.0484
17.72	1	0	1	-93.0466
17.725	1	0	1	-93.0449
17.73	1	0	1	-93.0432
17.735	1	0	1	-93.0415
17.74	1	0	1	-93.0397
17.745	1	0	1	-93.038
17.746	1	0	1	-93.0377
17.75	1	0	1	-93.0363
17.755	1	0	1	-93.0346
17.76	1	0	1	-93.0328
17.765	1	0	1	-93.0311
17.77	1	0	1	-93.0294
17.775	1	0	1	-93.0277
17.78	1	0	1	-93.0259
17.785	1	0	1	-93.0242
17.79	1	0	1	-93.0225
17.795	1	0	1	-93.0208
17.8	1	0	1	-93.019
17.805	1	0	1	-93.0173
17.81	1	0	1	-93.0156
17.815	1	0	1	-93.0139
17.82	1	0	1	-93.0122
17.825	1	0	1	-93.0104
17.826	1	0	1	-93.0101
17.83	1	0	1	-93.0087
17.835	1	0	1	-93.007
17.84	1	0	1	-93.0053
17.845	1	0	1	-93.0035
17.85	1	0	1	-93.0018
17.855	1	0	1	-93.0001
17.86	1	0	1	-92.9984
17.865	1	0	1	-92.9967
17.87	1	0	1	-92.9949
17.875	1	0	1	-92.9932
17.88	1	0	1	-92.9915
17.885	1	0	1	-92.9898
17.89	1	0	1	-92.9881
17.895	1	0	1	-92.9863
17.9	1	0	1	-92.9846
17.905	1	0	1	-92.9829
17.906	1	0	1	-92.9826
17.91	1	0	1	-92.9812
17.915	1	0	1	-92.9795
17.92	1	0	1	-92.9777
17.925	1	0	1	-92.976
17.93	1	0	1	-92.9743
17.935	1	0	1	-92.9726
17.94	1	0	1	-92.9709
17.945	1	0	1	-92.9692
17.95	1	0	1	-92.9674
17.955	1	0	1	-92.9657
17.96	1	0	1	-92.964
17.965	1	0	1	-92.9623
17.97	1	0	1	-92.9606
17.975	1	0	1	-92.9589
17.98	1	0	1	-92.9571
17.985	1	0	1	-92.9554
17.986	1	0	1	-92.9551
17.99	1	0	1	-92.9537
17.995	1	0	1	-92.952
18	1	0	1	-92.9503
18.005	1	0	1	-92.9486
18.01	1	0	1	-92.9469
18.015	1	0	1	-92.9451
18.02	1	0	1	-92.9434
18.025	1	0	1	-92.9417
18.03	1	0	1	-92.94
18.035	1	0	1	-92.9383
18.04	1	0	1	-92.9366
18.045	1	0	1	-92.9349
18.05	1	0	1	-92.9332
18.055	1	0	1	-92.9314
18.06	1	0	1	-92.9297
18.065	1	0	1	-92.928
18.066	1	0	1	-92.9277
18.07	1	0	1	-92.9263
18.075	1	0	1	-92.9246
18.08	1	0	1	-92.9229
18.085	1	0	1	-92.9212
18.09	1	0	1	-92.9195
18.095	1	0	1	-92.9178
18.1	1	0	1	-92.9161
18.105	1	0	1	-92.9143
18.11	1	0	1	-92.9126
18.115	1	0	1	-92.9109
18.12	1	0	1	-92.9092
18.125	1	0	1	-92.9075
18.13	1	0	1	-92.9058
18.135	1	0	1	-92.9041
18.14	1	0	1	-92.9024
18.145	1	0	1	-92.9007
18.146	1	0	1	-92.9003
18.15	1	0	1	-92.899
18.155	1	0	1	-92.8973
18.16	1	0	1	-92.8956
18.165	1	0	1	-92.8939
18.17	1	0	1	-92.8921
18.175	1	0	1	-92.8904
18.18	1	0	1	-92.8887
18.185	1	0	1	-92.887
18.19	1	0	1	-92.8853
18.195	1	0	1	-92.8836
18.2	1	0	1	-92.8819
18.205	1	0	1	-92.8802
18.21	1	0	1	-92.8785
18.215	1	0	1	-92.8768
18.22	1	0	1	-92.8751
18.225	1	0	1	-92.8734
18.226	1	0	1	-92.8731
18.23	1	0	1	-92.8717
18.235	1	0	1	-92.87
18.24	1	0	1	-92.8683
18.245	1	0	1	-92.8666
18.25	1	0	1	-92.8649
18.255	1	0	1	-92.8632
18.26	1	0	1	-92.8615
18.265	1	0	1	-92.8598
18.27	1	0	1	-92.8581
18.275	1	0	1	-92.8564
18.28	1	0	1	-92.8547
18.285	1	0	1	-92.853
18.29	1	0	1	-92.8513
18.295	1	0	1	-92.8496
18.3	1	0	1	-92.8479
18.305	1	0	1	-92.8462
18.306	1	0	1	-92.8458
18.31	1	0	1	-92.8445
18.315	1	0	1	-92.8428
18.32	1	0	1	-92.8411
18.325	1	0	1	-92.8394
18.33	1	0	1	-92.8377
18.335	1	0	1	-92.836
18.34	1	0	1	-92.8343
18.345	1	0	1	-92.8326
18.35	1	0	1	-92.8309
18.355	1	0	1	-92.8292
18.36	1	0	1	-92.8275
18.365	1	0	1	-92.8258
18.37	1	0	1	-92.8241
18.375	1	0	1	-92.8224
18.38	1	0	1	-92.8207
18.385	1	0	1	-92.819
18.386	1	0	1	-92.8187
18.39	1	0	1	-92.8173
18.395	1	0	1	-92.8156
18.4	1	0	1	-92.8139
18.405	1	0	1	-92.8122
18.41	1	0	1	-92.8105
18.415	1	0	1	-92.8088
18.42	1	0	1	-92.8071
18.425	1	0	1	-92.8055
18.43	1	0	1	-92.8038
18.435	1	0	1	-92.8021
18.44	1	0	1	-92.8004
18.445	1	0	1	-92.7987
18.45	1	0	1	-92.797
18.455	1	0	1	-92.7953
18.46	1	0	1	-92.7936
18.465	1	0	1	-92.7919
18.466	1	0	1	-92.7916
18.47	1	0	1	-92.7902
18.475	1	0	1	-92.7885
18.48	1	0	1	-92.7868
18.485	1	0	1	-92.7852
18.49	1	0	1	-92.7835
18.495	1	0	1	-92.7818
18.5	1	0	1	-92.7801
18.505	1	0	1	-92.7784
18.51	1	0	1	-92.7767
18.511	1	0	1	-92.7764
18.515	1	0	1	-92.775
18.52	1	0	1	-92.7733
18.525	1	0	1	-92.7716
18.53	1	0	1	-92.7699
18.535	1	0	1	-92.7683
18.54	1	0	1	-92.7666
18.545	1	0	1	-92.7649
18.546	1	0	1	-92.7645
18.55	1	0	1	-92.7632
18.555	1	0	1	-92.7615
18.56	1	0	1	-92.7598
18.565	1	0	1	-92.7581
18.57	1	0	1	-92.7565
18.575	1	0	1	-92.7548
18.58	1	0	1	-92.7531
18.585	1	0	1	-92.7514
18.59	1	0	1	-92.7497
18.595	1	0	1	-92.748
18.6	1	0	1	-92.7463
18.605	1	0	1	-92.7447
18.61	1	0	1	-92.743
18.615	1	0	1	-92.7413
18.62	1	0	1	-92.7396
18.625	1	0	1	-92.7379
18.626	1	0	1	-92.7376
18.63	1	0	1	-92.7362
18.635	1	0	1	-92.7346
18.64	1	0	1	-92.7329
18.645	1	0	1	-92.7312
18.65	1	0	1	-92.7295
18.655	1	0	1	-92.7278
18.66	1	0	1	-92.7261
18.665	1	0	1	-92.7245
18.67	1	0	1	-92.7228
18.675	1	0	1	-92.7211
18.68	1	0	1	-92.7194
18.685	1	0	1	-92.7177
18.69	1	0	1	-92.7161
18.695	1	0	1	-92.7144
18.7	1	0	1	-92.7127
18.705	1	0	1	-92.711
18.706	1	0	1	-92.7107
18.71	1	0	1	-92.7093
18.715	1	0	1	-92.7077
18.72	1	0	1	-92.706
18.725	1	0	1	-92.7043
18.73	1	0	1	-92.7026
18.735	1	0	1	-92.701
18.74	1	0	1	-92.6993
18.745	1	0	1	-92.6976
18.75	1	0	1	-92.6959
18.755	1	0	1	-92.6943
18.76	1	0	1	-92.6926
18.765	1	0	1	-92.6909
18.77	1	0	1	-92.6892
18.775	1	0	1	-92.6875
18.78	1	0	1	-92.6859
18.785	1	0	1	-92.6842
18.786	1	0	1	-92.6839
18.79	1	0	1	-92.6825
18.795	1	0	1	-92.6808
18.8	1	0	1	-92.6792
18.805	1	0	1	-92.6775
18.81	1	0	1	-92.6758
18.815	1	0	1	-92.6742
18.82	1	0	1	-92.6725
18.825	1	0	1	-92.6708
18.83	1	0	1	-92.6691
18.835	1	0	1	-92.6675
18.84	1	0	1	-92.6658
18.845	1	0	1	-92.6641
18.85	1	0	1	-92.6625
18.855	1	0	1	-92.6608
18.86	1	0	1	-92.6591
18.865	1	0	1	-92.6574
18.866	1	0	1	-92.6571
18.87	1	0	1	-92.6558
18.875	1	0	1	-92.6541
18.88	1	0	1	-92.6524
18.885	1	0	1	-92.6508
18.89	1	0	1	-92.6491
18.895	1	0	1	-92.6474
18.9	1	0	1	-92.6458
18.905	1	0	1	-92.6441
18.91	1	0	1	-92.6424
18.915	1	0	1	-92.6407
18.92	1	0	1	-92.6391
18.925	1	0	1	-92.6374
18.93	1	0	1	-92.6357
18.935	1	0	1	-92.6341
18.94	1	0	1	-92.6324
18.945	1	0	1	-92.6307
18.946	1	0	1	-92.6304
18.95	1	0	1	-92.6291
18.955	1	0	1	-92.6274
18.96	1	0	1	-92.6258
18.965	1	0	1	-92.6241
18.97	1	0	1	-92.6224
18.975	1	0	1	-92.6208
18.98	1	0	1	-92.6191
18.985	1	0	1	-92.6174
18.99	1	0	1	-92.6158
18.995	1	0	1	-92.6141
19	1	0	1	-92.6124
19.005	1	0	1	-92.6108
19.01	1	0	1	-92.6091
19.015	1	0	1	-92.6075
19.02	1	0	1	-92.6058
19.025	1	0	1	-92.6041
19.026	1	0	1	-92.6038
19.03	1	0	1	-92.6025
19.035	1	0	1	-92.6008
19.04	1	0	1	-92.5991
19.045	1	0	1	-92.5975
19.05	1	0	1	-92.5958
19.055	1	0	1	-92.5942
19.06	1	0	1	-92.5925
19.065	1	0	1	-92.5908
19.07	1	0	1	-92.5892
19.075	1	0	1	-92.5875
19.08	1	0	1	-92.5859
19.085	1	0	1	-92.5842
19.09	1	0	1	-92.5826
19.095	1	0	1	-92.5809
19.1	1	0	1	-92.5792
19.105	1	0	1	-92.5776
19.106	1	0	1	-92.5773
19.11	1	0	1	-92.5759
19.115	1	0	1	-92.5743
19.12	1	0	1	-92.5726
19.125	1	0	1	-92.571
19.13	1	0	1	-92.5693
19.135	1	0	1	-92.5676
19.14	1	0	1	-92.566
19.145	1	0	1	-92.5643
19.15	1	0	1	-92.5627
19.155	1	0	1	-92.561
19.16	1	0	1	-92.5594
19.165	1	0	1	-92.5577
19.17	1	0	1	-92.5561
19.175	1	0	1	-92.5544
19.18	1	0	1	-92.5528
19.185	1	0	1	-92.5511
19.186	1	0	1	-92.5508
19.19	1	0	1	-92.5495
19.195	1	0	1	-92.5478
19.2	1	0	1	-92.5462
19.205	1	0	1	-92.5445
19.21	1	0	1	-92.5428
19.215	1	0	1	-92.5412
19.22	1	0	1	-92.5395
19.225	1	0	1	-92.5379
19.23	1	0	1	-92.5362
19.235	1	0	1	-92.5346
19.24	1	0	1	-92.5329
19.245	1	0	1	-92.5313
19.25	1	0	1	-92.5296
19.255	1	0	1	-92.528
19.26	1	0	1	-92.5264
19.265	1	0	1	-92.5247
19.266	1	0	1	-92.5244
19.27	1	0	1	-92.5231
19.275	1	0	1	-92.5214
19.28	1	0	1	-92.5198
19.285	1	0	1	-92.5181
19.29	1	0	1	-92.5165
19.295	1	0	1	-92.5148
19.3	1	0	1	-92.5132
19.305	1	0	1	-92.5115
19.31	1	0	1	-92.5099
19.315	1	0	1	-92.5082
19.32	1	0	1	-92.5066
19.325	1	0	1	-92.505
19.33	1	0	1	-92.5033
19.335	1	0	1	-92.5017
19.34	1	0	1	-92.5
19.345	1	0	1	-92.4984
19.346	1	0	1	-92.498
19.35	1	0	1	-92.4967
19.355	1	0	1	-92.4951
19.36	1	0	1	-92.4934
19.365	1	0	1	-92.4918
19.37	1	0	1	-92.4902
19.375	1	0	1	-92.4885
19.38	1	0	1	-92.4869
19.385	1	0	1	-92.4852
19.39	1	0	1	-92.4836
19.395	1	0	1	-92.482
19.4	1	0	1	-92.4803
19.405	1	0	1	-92.4787
19.41	1	0	1	-92.477
19.415	1	0	1	-92.4754
19.42	1	0	1	-92.4738
19.425	1	0	1	-92.4721
19.426	1	0	1	-92.4718
19.43	1	0	1	-92.4705
19.435	1	0	1	-92.4688
19.44	1	0	1	-92.4672
19.445	1	0	1	-92.4656
19.45	1	0	1	-92.4639
19.455	1	0	1	-92.4623
19.46	1	0	1	-92.4607
19.465	1	0	1	-92.459
19.47	1	0	1	-92.4574
19.475	1	0	1	-92.4558
19.48	1	0	1	-92.4541
19.485	1	0	1	-92.4525
19.49	1	0	1	-92.4508
19.495	1	0	1	-92.4492
19.5	1	0	1	-92.4476
19.505	1	0	1	-92.4459
19.506	1	0	1	-92.4456
19.51	1	0	1	-92.4443
19.515	1	0	1	-92.4427
19.52	1	0	1	-92.441
19.525	1	0	1	-92.4394
19.53	1	0	1	-92.4378
19.535	1	0	1	-92.4361
19.54	1	0	1	-92.4345
19.545	1	0	1	-92.4329
19.55	1	0	1	-92.4313
19.555	1	0	1	-92.4296
19.56	1	0	1	-92.428
19.565	1	0	1	-92.4264
19.57	1	0	1	-92.4247
19.575	1	0	1	-92.4231
19.58	1	0	1	-92.4215
19.585	1	0	1	-92.4198
19.586	1	0	1	-92.4195
19.59	1	0	1	-92.4182
19.595	1	0	1	-92.4166
19.6	1	0	1	-92.415
19.605	1	0	1	-92.4133
19.61	1	0	1	-92.4117
19.615	1	0	1	-92.4101
19.62	1	0	1	-92.4085
19.625	1	0	1	-92.4068
19.63	1	0	1	-92.4052
19.635	1	0	1	-92.4036
19.64	1	0	1	-92.4019
19.645	1	0	1	-92.4003
19.65	1	0	1	-92.3987
19.655	1	0	1	-92.3971
19.66	1	0	1	-92.3954
19.665	1	0	1	-92.3938
19.666	1	0	1	-92.3935
19.67	1	0	1	-92.3922
19.675	1	0	1	-92.3906
19.68	1	0	1	-92.389
19.685	1	0	1	-92.3873
19.69	1	0	1	-92.3857
19.695	1	0	1	-92.3841
19.7	1	0	1	-92.3825
19.705	1	0	1	-92.3808
19.71	1	0	1	-92.3792
19.715	1	0	1	-92.3776
19.72	1	0	1	-92.376
19.725	1	0	1	-92.3744
19.73	1	0	1	-92.3727
19.735	1	0	1	-92.3711
19.74	1	0	1	-92.3695
19.745	1	0	1	-92.3679
19.746	1	0	1	-92.3676
19.75	1	0	1	-92.3663
19.755	1	0	1	-92.3646
19.76	1	0	1	-92.363
19.765	1	0	1	-92.3614
19.77	1	0	1	-92.3598
19.775	1	0	1	-92.3582
19.78	1	0	1	-92.3566
19.785	1	0	1	-92.3549
19.79	1	0	1	-92.3533
19.795	1	0	1	-92.3517
19.8	1	0	1	-92.3501
19.805	1	0	1	-92.3485
19.81	1	0	1	-92.3469
19.815	1	0	1	-92.3452
19.82	1	0	1	-92.3436
19.825	1	0	1	-92.342
19.826	1	0	1	-92.3417
19.83	1	0	1	-92.3404
19.835	1	0	1	-92.3388
19.84	1	0	1	-92.3372
19.845	1	0	1	-92.3356
19.85	1	0	1	-92.334
19.855	1	0	1	-92.3323
19.86	1	0	1	-92.3307
19.865	1	0	1	-92.3291
19.87	1	0	1	-92.3275
19.875	1	0	1	-92.3259
19.88	1	0	1	-92.3243
19.885	1	0	1	-92.3227
19.89	1	0	1	-92.3211
19.895	1	0	1	-92.3195
19.9	1	0	1	-92.3178
19.905	1	0	1	-92.3162
19.906	1	0	1	-92.3159
19.91	1	0	1	-92.3146
19.915	1	0	1	-92.313
19.92	1	0	1	-92.3114
19.925	1	0	1	-92.3098
19.93	1	0	1	-92.3082
19.935	1	0	1	-92.3066
19.94	1	0	1	-92.305
19.945	1	0	1	-92.3034
19.95	1	0	1	-92.3018
19.955	1	0	1	-92.3002
19.96	1	0	1	-92.2986
19.965	1	0	1	-92.297
19.97	1	0	1	-92.2953
19.975	1	0	1	-92.2937
19.98	1	0	1	-92.2921
19.985	1	0	1	-92.2905
19.986	1	0	1	-92.2902
19.99	1	0	1	-92.2889
19.995	1	0	1	-92.2873
