Time(sec)	CellId	BwpId	IMSI	pathLoss(dB)
0.0179286	1	0	1	-91.9774
0.0688571	1	0	1	-91.9931
0.148857	1	0	1	-92.0178
0.228857	1	0	1	-92.0425
0.308857	1	0	1	-92.0674
0.388857	1	0	1	-92.0923
0.468857	1	0	1	-92.1173
0.503929	1	0	1	-92.1283
0.508857	1	0	1	-92.1299
0.514143	1	0	1	-92.1315
0.548857	1	0	1	-92.1424
0.628857	1	0	1	-92.1677
0.708857	1	0	1	-92.1929
0.788857	1	0	1	-92.2183
0.868857	1	0	1	-92.2438
0.948857	1	0	1	-92.2693
1.02886	1	0	1	-92.295
1.10886	1	0	1	-92.3207
1.18886	1	0	1	-92.3465
1.26886	1	0	1	-92.3724
1.34886	1	0	1	-92.3983
1.42886	1	0	1	-92.4244
1.50886	1	0	1	-92.4505
1.58886	1	0	1	-92.4767
1.66886	1	0	1	-92.5029
1.74886	1	0	1	-92.5293
1.82886	1	0	1	-92.5557
1.90886	1	0	1	-92.5822
1.98886	1	0	1	-92.6087
2.06886	1	0	1	-92.6354
2.14886	1	0	1	-92.6621
2.22886	1	0	1	-92.6888
2.30886	1	0	1	-92.7157
2.38886	1	0	1	-92.7426
2.46886	1	0	1	-92.7696
2.50293	1	0	1	-92.7811
2.50786	1	0	1	-92.7827
2.51314	1	0	1	-92.7845
2.54886	1	0	1	-92.7966
2.62886	1	0	1	-92.8237
2.70886	1	0	1	-92.8509
2.78886	1	0	1	-92.8781
2.86886	1	0	1	-92.9054
2.94886	1	0	1	-92.9328
3.02886	1	0	1	-92.9602
3.10886	1	0	1	-92.9877
3.18886	1	0	1	-93.0152
3.26886	1	0	1	-93.0428
3.34886	1	0	1	-93.0705
3.42886	1	0	1	-93.0982
3.50886	1	0	1	-93.1259
3.58886	1	0	1	-93.1538
3.66886	1	0	1	-93.1816
3.74886	1	0	1	-93.2096
3.82886	1	0	1	-93.2375
3.90886	1	0	1	-93.2656
3.98886	1	0	1	-93.2937
4.06886	1	0	1	-93.3218
4.14886	1	0	1	-93.35
4.22886	1	0	1	-93.3782
4.30886	1	0	1	-93.4065
4.38886	1	0	1	-93.4348
4.46886	1	0	1	-93.4632
4.50293	1	0	1	-93.4753
4.50786	1	0	1	-93.4771
4.51314	1	0	1	-93.4789
4.54886	1	0	1	-93.4916
4.62886	1	0	1	-93.5201
4.70886	1	0	1	-93.5486
4.78886	1	0	1	-93.5772
4.86886	1	0	1	-93.6058
4.94886	1	0	1	-93.6344
5.02886	1	0	1	-93.6631
5.10886	1	0	1	-93.6918
5.18886	1	0	1	-93.7206
5.26886	1	0	1	-93.7494
5.34886	1	0	1	-93.7782
5.42886	1	0	1	-93.8071
5.50886	1	0	1	-93.836
5.58886	1	0	1	-93.865
5.66886	1	0	1	-93.894
5.74886	1	0	1	-93.923
5.82886	1	0	1	-93.952
5.90886	1	0	1	-93.9811
5.98886	1	0	1	-94.0103
6.06886	1	0	1	-94.0394
6.14886	1	0	1	-94.0686
6.22886	1	0	1	-94.0978
6.30886	1	0	1	-94.1271
6.38886	1	0	1	-94.1564
6.46886	1	0	1	-94.1857
6.50293	1	0	1	-94.1982
6.50786	1	0	1	-94.2
6.51307	1	0	1	-94.2019
6.51457	1	0	1	-94.2024
6.51971	1	0	1	-94.2043
6.54886	1	0	1	-94.215
6.62886	1	0	1	-94.2444
6.70886	1	0	1	-94.2738
6.78886	1	0	1	-94.3032
6.86886	1	0	1	-94.3326
6.94886	1	0	1	-94.3621
7.02886	1	0	1	-94.3916
7.10886	1	0	1	-94.4211
7.18886	1	0	1	-94.4507
7.26886	1	0	1	-94.4803
7.34886	1	0	1	-94.5099
7.42886	1	0	1	-94.5395
7.50886	1	0	1	-94.5691
7.58886	1	0	1	-94.5988
7.66886	1	0	1	-94.6285
7.74886	1	0	1	-94.6582
7.82886	1	0	1	-94.6879
7.90886	1	0	1	-94.7176
7.98886	1	0	1	-94.7474
8.06886	1	0	1	-94.7772
8.14886	1	0	1	-94.807
8.22886	1	0	1	-94.8368
8.30886	1	0	1	-94.8666
8.38886	1	0	1	-94.8964
8.46886	1	0	1	-94.9263
8.50293	1	0	1	-94.939
8.50786	1	0	1	-94.9409
8.51286	1	0	1	-94.9427
8.51807	1	0	1	-94.9447
8.51957	1	0	1	-94.9452
8.52471	1	0	1	-94.9471
8.54886	1	0	1	-94.9562
8.62886	1	0	1	-94.986
8.70886	1	0	1	-95.016
8.78886	1	0	1	-95.0459
8.86886	1	0	1	-95.0758
8.94886	1	0	1	-95.1057
9.02886	1	0	1	-95.1357
9.10886	1	0	1	-95.1656
9.18886	1	0	1	-95.1956
9.26886	1	0	1	-95.2256
9.34886	1	0	1	-95.2556
9.42886	1	0	1	-95.2856
9.50886	1	0	1	-95.3156
9.58886	1	0	1	-95.3456
9.66886	1	0	1	-95.3757
9.74886	1	0	1	-95.4057
9.82886	1	0	1	-95.4358
9.90886	1	0	1	-95.4658
9.98886	1	0	1	-95.4959
10.0689	1	0	1	-95.5259
10.1489	1	0	1	-95.556
10.2289	1	0	1	-95.5861
10.3089	1	0	1	-95.6162
10.3889	1	0	1	-95.6462
10.4689	1	0	1	-95.6763
10.5029	1	0	1	-95.687
10.5079	1	0	1	-95.6851
10.5129	1	0	1	-95.6832
10.5179	1	0	1	-95.6813
10.5231	1	0	1	-95.6794
10.5246	1	0	1	-95.6788
10.5281	1	0	1	-95.6775
10.5296	1	0	1	-95.6769
10.5331	1	0	1	-95.6756
10.5346	1	0	1	-95.675
10.5381	1	0	1	-95.6737
10.5396	1	0	1	-95.6732
10.5489	1	0	1	-95.6697
10.6289	1	0	1	-95.6396
10.7089	1	0	1	-95.6095
10.7889	1	0	1	-95.5794
10.8689	1	0	1	-95.5493
10.9489	1	0	1	-95.5193
11.0289	1	0	1	-95.4892
11.1089	1	0	1	-95.4592
11.1889	1	0	1	-95.4291
11.2689	1	0	1	-95.3991
11.3489	1	0	1	-95.369
11.4289	1	0	1	-95.339
11.5089	1	0	1	-95.309
11.5889	1	0	1	-95.279
11.6689	1	0	1	-95.249
11.7489	1	0	1	-95.219
11.8289	1	0	1	-95.189
11.9089	1	0	1	-95.159
11.9889	1	0	1	-95.1291
12.0689	1	0	1	-95.0991
12.1489	1	0	1	-95.0692
12.2289	1	0	1	-95.0392
12.3089	1	0	1	-95.0093
12.3889	1	0	1	-94.9794
12.4689	1	0	1	-94.9495
12.5029	1	0	1	-94.9368
12.5079	1	0	1	-94.935
12.5129	1	0	1	-94.9331
12.5179	1	0	1	-94.9312
12.5229	1	0	1	-94.9294
12.5289	1	0	1	-94.9271
12.5339	1	0	1	-94.9253
12.5389	1	0	1	-94.9234
12.5439	1	0	1	-94.9215
12.5488	1	0	1	-94.9197
12.5489	1	0	1	-94.9197
12.5549	1	0	1	-94.9174
12.5599	1	0	1	-94.9156
12.5649	1	0	1	-94.9137
12.5701	1	0	1	-94.9118
12.5716	1	0	1	-94.9112
12.5769	1	0	1	-94.9092
12.6289	1	0	1	-94.8898
12.7089	1	0	1	-94.86
12.7889	1	0	1	-94.8302
12.8689	1	0	1	-94.8004
12.9489	1	0	1	-94.7706
13.0289	1	0	1	-94.7408
13.1089	1	0	1	-94.711
13.1889	1	0	1	-94.6813
13.2689	1	0	1	-94.6516
13.3489	1	0	1	-94.6219
13.4289	1	0	1	-94.5922
13.5089	1	0	1	-94.5626
13.5889	1	0	1	-94.5329
13.6689	1	0	1	-94.5033
13.7489	1	0	1	-94.4737
13.8289	1	0	1	-94.4442
13.9089	1	0	1	-94.4146
13.9889	1	0	1	-94.3851
14.0689	1	0	1	-94.3556
14.1489	1	0	1	-94.3261
14.2289	1	0	1	-94.2967
14.3089	1	0	1	-94.2673
14.3889	1	0	1	-94.2379
14.4689	1	0	1	-94.2085
14.5029	1	0	1	-94.196
14.5079	1	0	1	-94.1942
14.5131	1	0	1	-94.1923
14.5146	1	0	1	-94.1917
14.5197	1	0	1	-94.1899
14.5489	1	0	1	-94.1792
14.6289	1	0	1	-94.1499
14.7089	1	0	1	-94.1206
14.7889	1	0	1	-94.0913
14.8689	1	0	1	-94.0621
14.9489	1	0	1	-94.033
15.0289	1	0	1	-94.0038
15.1089	1	0	1	-93.9747
15.1889	1	0	1	-93.9456
15.2689	1	0	1	-93.9165
15.3489	1	0	1	-93.8875
15.4289	1	0	1	-93.8586
15.5089	1	0	1	-93.8296
15.5889	1	0	1	-93.8007
15.6689	1	0	1	-93.7718
15.7489	1	0	1	-93.743
15.8289	1	0	1	-93.7142
15.9089	1	0	1	-93.6854
15.9889	1	0	1	-93.6567
16.0689	1	0	1	-93.6281
16.1489	1	0	1	-93.5994
16.2289	1	0	1	-93.5708
16.3089	1	0	1	-93.5423
16.3889	1	0	1	-93.5138
16.4689	1	0	1	-93.4853
16.5029	1	0	1	-93.4732
16.5079	1	0	1	-93.4715
16.5131	1	0	1	-93.4696
16.5489	1	0	1	-93.4569
16.6289	1	0	1	-93.4286
16.7089	1	0	1	-93.4002
16.7889	1	0	1	-93.372
16.8689	1	0	1	-93.3437
16.9489	1	0	1	-93.3156
17.0289	1	0	1	-93.2874
17.1089	1	0	1	-93.2594
17.1889	1	0	1	-93.2313
17.2689	1	0	1	-93.2034
17.3489	1	0	1	-93.1755
17.4289	1	0	1	-93.1476
17.5089	1	0	1	-93.1198
17.5889	1	0	1	-93.092
17.6689	1	0	1	-93.0643
17.7489	1	0	1	-93.0367
17.8289	1	0	1	-93.0091
17.9089	1	0	1	-92.9816
17.9889	1	0	1	-92.9541
18.0689	1	0	1	-92.9267
18.1489	1	0	1	-92.8994
18.2289	1	0	1	-92.8721
18.3089	1	0	1	-92.8449
18.3889	1	0	1	-92.8177
18.4689	1	0	1	-92.7906
18.5029	1	0	1	-92.7791
18.5079	1	0	1	-92.7774
18.5131	1	0	1	-92.7756
18.5489	1	0	1	-92.7636
18.6289	1	0	1	-92.7366
18.7089	1	0	1	-92.7097
18.7889	1	0	1	-92.6829
18.8689	1	0	1	-92.6562
18.9489	1	0	1	-92.6295
19.0289	1	0	1	-92.6028
19.1089	1	0	1	-92.5763
19.1889	1	0	1	-92.5498
19.2689	1	0	1	-92.5234
19.3489	1	0	1	-92.4971
19.4289	1	0	1	-92.4709
19.5089	1	0	1	-92.4447
19.5889	1	0	1	-92.4186
19.6689	1	0	1	-92.3926
19.7489	1	0	1	-92.3666
19.8289	1	0	1	-92.3408
19.9089	1	0	1	-92.315
19.9889	1	0	1	-92.2893
